year    psi^min [10^11 kg/s]    psi^min(800 hPa) [10^11 kg/s]   psi^min(775 hPa) [10^11 kg/s]   psi^min(750 hPa) [10^11 kg/s]   psi^min(700 hPa) [10^11 kg/s]   psi^min(650 hPa) [10^11 kg/s]   psi^min(600 hPa) [10^11 kg/s]   psi^min(550 hPa) [10^11 kg/s]   psi^min(500 hPa) [10^11 kg/s]   psi^min(450 hPa) [10^11 kg/s]   psi^min(400 hPa) [10^11 kg/s]   <psi^min>_p [10^11 kg/s]        psi(phi^min, p^min) [10^11 kg/s]        psi_SHC [10^11 kg/s]
1979    -1.15015                -1.10624                        -1.13564                        -1.15015                        -1.13689                        -1.07961                        -1.00631                        -0.93804                        -0.87880                        -0.83063                        -0.79794                        -0.88667                        -1.10157                                -0.44486            
1980    -1.13232                -1.09872                        -1.12426                        -1.13232                        -1.10778                        -1.05201                        -0.98822                        -0.93426                        -0.88807                        -0.84635                        -0.80544                        -0.88169                        -1.10778                                -0.46017            
1981    -1.10726                -1.08102                        -1.10161                        -1.10726                        -1.08871                        -1.04580                        -0.99456                        -0.94029                        -0.88502                        -0.84102                        -0.81037                        -0.88029                        -1.08599                                -0.44198            
1982    -1.13745                -1.09575                        -1.12503                        -1.13745                        -1.11731                        -1.05953                        -0.99279                        -0.93480                        -0.88227                        -0.83890                        -0.80258                        -0.88572                        -1.11640                                -0.45738            
1983    -1.13617                -1.11013                        -1.12988                        -1.13617                        -1.12070                        -1.07820                        -1.02507                        -0.97439                        -0.92675                        -0.88561                        -0.84684                        -0.90973                        -1.10165                                -0.42741            
1984    -1.01495                -0.98023                        -1.00192                        -1.01495                        -1.01154                        -0.97777                        -0.93187                        -0.88861                        -0.84768                        -0.81138                        -0.77837                        -0.81917                        -0.99146                                -0.39560            
1985    -1.03448                -0.98931                        -1.01659                        -1.03398                        -1.03448                        -0.99659                        -0.94674                        -0.89555                        -0.84847                        -0.80896                        -0.77746                        -0.82822                        -1.02445                                -0.41610            
1986    -1.09537                -1.04888                        -1.07983                        -1.09537                        -1.08756                        -1.04488                        -0.99169                        -0.93803                        -0.88948                        -0.85002                        -0.81974                        -0.87421                        -1.08756                                -0.43728            
1987    -1.17945                -1.11411                        -1.15201                        -1.17528                        -1.17945                        -1.13713                        -1.07980                        -1.01908                        -0.96390                        -0.92013                        -0.88485                        -0.93806                        -1.17291                                -0.45509            
1988    -1.07558                -1.03249                        -1.05700                        -1.07037                        -1.07558                        -1.04904                        -1.00672                        -0.96279                        -0.92260                        -0.89009                        -0.86119                        -0.88456                        -1.05828                                -0.44043            
1989    -0.94866                -0.92314                        -0.94085                        -0.94866                        -0.93502                        -0.89574                        -0.85163                        -0.81239                        -0.77909                        -0.75355                        -0.73348                        -0.76865                        -0.92845                                -0.39813            
1990    -1.13104                -1.07943                        -1.11299                        -1.13104                        -1.12579                        -1.08391                        -1.03138                        -0.98191                        -0.93895                        -0.90611                        -0.88419                        -0.91488                        -1.12282                                -0.46237            
1991    -1.05355                -0.98743                        -1.02330                        -1.04647                        -1.05355                        -1.01757                        -0.96709                        -0.92211                        -0.88936                        -0.85997                        -0.82744                        -0.84839                        -1.04368                                -0.43258            
1992    -1.06132                -1.01804                        -1.04503                        -1.06066                        -1.06132                        -1.03003                        -0.98545                        -0.94309                        -0.90730                        -0.87641                        -0.85030                        -0.87792                        -1.05687                                -0.41592            
1993    -1.10267                -1.02612                        -1.06160                        -1.08977                        -1.10267                        -1.07317                        -1.02900                        -0.99136                        -0.95722                        -0.92931                        -0.90795                        -0.90750                        -1.10198                                -0.44860            
1994    -1.13125                -1.02957                        -1.07575                        -1.10857                        -1.13125                        -1.10529                        -1.05977                        -1.01970                        -0.98047                        -0.94781                        -0.92468                        -0.92640                        -1.11784                                -0.45885            
1995    -1.05720                -1.00772                        -1.03711                        -1.05439                        -1.05720                        -1.02954                        -0.99285                        -0.96018                        -0.92979                        -0.90361                        -0.88498                        -0.88547                        -1.05586                                -0.42866            
1996    -0.99308                -0.96282                        -0.98422                        -0.99308                        -0.98296                        -0.94815                        -0.90470                        -0.86471                        -0.83182                        -0.81119                        -0.80733                        -0.82126                        -0.98296                                -0.42330            
1997    -1.21210                -1.15537                        -1.19200                        -1.21210                        -1.20711                        -1.15947                        -1.09394                        -1.03125                        -0.97915                        -0.94258                        -0.92877                        -0.97153                        -1.17025                                -0.49312            
1998    -1.21717                -1.18094                        -1.20502                        -1.21717                        -1.21406                        -1.17753                        -1.12717                        -1.07868                        -1.03538                        -0.99738                        -0.96787                        -0.99545                        -1.18637                                -0.46105            
1999    -1.08787                -1.02552                        -1.06556                        -1.08787                        -1.08742                        -1.04744                        -0.99656                        -0.94875                        -0.90942                        -0.88551                        -0.87258                        -0.87221                        -1.08353                                -0.45531            
2000    -0.97917                -0.93566                        -0.96424                        -0.97917                        -0.97691                        -0.94490                        -0.90242                        -0.86784                        -0.84389                        -0.82918                        -0.82547                        -0.80734                        -0.97412                                -0.42335            
2001    -1.08301                -1.04791                        -1.07248                        -1.08301                        -1.06877                        -1.02810                        -0.97832                        -0.92857                        -0.88759                        -0.86059                        -0.84782                        -0.87518                        -1.06793                                -0.43982            
2002    -1.26100                -1.15433                        -1.20403                        -1.23891                        -1.26100                        -1.22965                        -1.17759                        -1.12469                        -1.07635                        -1.03568                        -1.00777                        -1.01219                        -1.25183                                -0.50201            
2003    -1.18728                -1.11527                        -1.15672                        -1.18123                        -1.18728                        -1.15352                        -1.10549                        -1.05673                        -1.01301                        -0.97658                        -0.95327                        -0.96607                        -1.17964                                -0.48835            
2004    -1.13276                -1.08849                        -1.11718                        -1.13276                        -1.12658                        -1.09135                        -1.04476                        -0.99841                        -0.95896                        -0.92682                        -0.90286                        -0.92337                        -1.12658                                -0.46310            
2005    -1.16088                -1.10875                        -1.14353                        -1.16088                        -1.15435                        -1.11375                        -1.06530                        -1.02205                        -0.98216                        -0.94478                        -0.92377                        -0.94121                        -1.14677                                -0.46899            
2006    -1.16943                -1.12390                        -1.15625                        -1.16943                        -1.15099                        -1.09989                        -1.04557                        -1.00131                        -0.96231                        -0.92799                        -0.90327                        -0.93284                        -1.14947                                -0.48578            
2007    -1.10246                -1.05826                        -1.08764                        -1.10246                        -1.09648                        -1.05628                        -1.00350                        -0.95378                        -0.90991                        -0.87249                        -0.85099                        -0.88554                        -1.08967                                -0.45510            
2008    -1.12546                -1.07116                        -1.10444                        -1.12192                        -1.12546                        -1.08894                        -1.04163                        -0.99464                        -0.94694                        -0.90539                        -0.88448                        -0.90948                        -1.12374                                -0.47156            
2009    -1.06987                -1.02374                        -1.05365                        -1.06987                        -1.06412                        -1.02239                        -0.96631                        -0.91540                        -0.87351                        -0.84174                        -0.82525                        -0.86481                        -1.06412                                -0.42854            
2010    -1.16850                -1.10167                        -1.14037                        -1.16429                        -1.16850                        -1.13234                        -1.08118                        -1.03166                        -0.98463                        -0.94081                        -0.91091                        -0.94344                        -1.16850                                -0.48526            
2011    -1.15504                -1.10665                        -1.14041                        -1.15504                        -1.13949                        -1.08543                        -1.02192                        -0.96899                        -0.93179                        -0.90434                        -0.88704                        -0.91496                        -1.12813                                -0.47535            
2012    -1.06548                -1.01732                        -1.04551                        -1.06346                        -1.06548                        -1.03467                        -0.99192                        -0.95034                        -0.91584                        -0.88871                        -0.87701                        -0.88200                        -1.06168                                -0.44478            
2013    -1.11159                -1.06519                        -1.09393                        -1.10814                        -1.11159                        -1.08387                        -1.04046                        -0.99466                        -0.95371                        -0.92018                        -0.89507                        -0.91347                        -1.10256                                -0.45304            
2014    -1.19689                -1.12421                        -1.16488                        -1.18957                        -1.19689                        -1.16498                        -1.11428                        -1.05898                        -1.00553                        -0.95907                        -0.92185                        -0.95345                        -1.19569                                -0.48345            
2015    -1.20364                -1.13615                        -1.17447                        -1.19811                        -1.20364                        -1.16366                        -1.10224                        -1.04414                        -0.99222                        -0.94916                        -0.92367                        -0.96494                        -1.19374                                -0.48844            
2016    -1.08088                -1.01078                        -1.04589                        -1.06781                        -1.08088                        -1.05783                        -1.01562                        -0.97158                        -0.93636                        -0.91263                        -0.89571                        -0.89375                        -1.08088                                -0.43117            
2017    -1.17514                -1.11468                        -1.14981                        -1.16895                        -1.17514                        -1.14291                        -1.09104                        -1.03904                        -0.99486                        -0.95721                        -0.92397                        -0.94970                        -1.17514                                -0.46162            
2018    -1.12123                -1.04112                        -1.08274                        -1.10935                        -1.12123                        -1.08876                        -1.03653                        -0.98679                        -0.94020                        -0.90394                        -0.87617                        -0.89465                        -1.09910                                -0.46797            
