year    Phi^max(150 hPa) [10^6 m^2/s]   Phi^max(200 hPa) [10^6 m^2/s]   Phi^max(250 hPa) [10^6 m^2/s]   omega^min(400 hPa) [Pa/s]       omega^min(500 hPa) [Pa/s]       omega^min(600 hPa) [Pa/s]       omega^min [Pa/s]                v_E^NHC(1000-850 hPa) [m/s]     v_E^SHC(1000-850 hPa) [m/s]     I_M (all m) [10^3]              I_M^MRG (all m) [10^3]          I_M (m >= 7) [10^3]             I_M (m >= 9) [10^3]     
1979    1.42803                         1.69681                         1.03593                         -0.03259                        -0.03188                        -0.03537                        -0.04039                        -0.32487                        0.52800                         1.12671                         1.17132                         0.32536                         0.28785                 
1980    1.69852                         1.69525                         1.02531                         -0.03422                        -0.03400                        -0.03496                        -0.03851                        -0.29844                        0.52502                         1.07106                         1.12237                         0.32703                         0.28096                 
1981    1.51516                         1.77479                         1.11069                         -0.03188                        -0.03101                        -0.03395                        -0.03939                        -0.29004                        0.52158                         1.05449                         1.10132                         0.32433                         0.27933                 
1982    1.47669                         1.88681                         1.02064                         -0.02772                        -0.03005                        -0.03288                        -0.03850                        -0.32783                        0.52610                         1.12779                         1.17589                         0.32976                         0.28889                 
1983    1.19469                         1.59050                         0.88323                         -0.02149                        -0.02152                        -0.02434                        -0.02942                        -0.32640                        0.44785                         1.16989                         1.22094                         0.34729                         0.29878                 
1984    1.38650                         1.38847                         0.86329                         -0.02444                        -0.02510                        -0.02688                        -0.03445                        -0.32845                        0.46185                         1.05899                         1.11051                         0.31575                         0.27328                 
1985    1.40949                         1.60600                         0.88248                         -0.02554                        -0.02499                        -0.02899                        -0.03499                        -0.30974                        0.48185                         1.12358                         1.17267                         0.32087                         0.28343                 
1986    1.52937                         1.56874                         0.96583                         -0.02760                        -0.02903                        -0.03219                        -0.03801                        -0.32833                        0.49370                         1.03671                         1.08246                         0.31177                         0.27585                 
1987    1.36134                         1.78671                         1.04325                         -0.02854                        -0.03166                        -0.03534                        -0.04065                        -0.35028                        0.49477                         1.12023                         1.16567                         0.33835                         0.29464                 
1988    1.45683                         1.53327                         0.91839                         -0.02425                        -0.02471                        -0.02669                        -0.04176                        -0.31985                        0.50761                         1.09416                         1.14276                         0.33636                         0.29822                 
1989    1.25436                         1.46266                         1.02347                         -0.02896                        -0.02899                        -0.03056                        -0.03659                        -0.33027                        0.47714                         1.20976                         1.25374                         0.35856                         0.30851                 
1990    1.48670                         1.68926                         1.16508                         -0.03056                        -0.03102                        -0.03492                        -0.03944                        -0.33188                        0.52492                         1.11126                         1.15883                         0.33670                         0.30102                 
1991    1.41993                         1.74151                         1.06197                         -0.03317                        -0.03423                        -0.03707                        -0.04233                        -0.33340                        0.47479                         1.02771                         1.07768                         0.31364                         0.27138                 
1992    1.34724                         1.52528                         0.91358                         -0.02336                        -0.02319                        -0.02554                        -0.03093                        -0.33621                        0.45056                         1.01909                         1.06467                         0.30823                         0.27037                 
1993    1.36533                         1.66431                         1.08720                         -0.03242                        -0.03346                        -0.03620                        -0.03799                        -0.33903                        0.48305                         1.18098                         1.22302                         0.33449                         0.29482                 
1994    1.38289                         1.76494                         1.11856                         -0.03110                        -0.03125                        -0.03434                        -0.03819                        -0.32015                        0.49869                         1.08801                         1.13358                         0.33882                         0.29593                 
1995    1.31702                         1.55068                         1.12228                         -0.03130                        -0.03020                        -0.03336                        -0.04039                        -0.30950                        0.49366                         1.05048                         1.09322                         0.32483                         0.28294                 
1996    1.39106                         1.59927                         1.22242                         -0.03268                        -0.02991                        -0.03394                        -0.04173                        -0.32591                        0.49959                         1.02254                         1.06535                         0.31099                         0.26841                 
1997    1.62325                         2.09789                         1.50694                         -0.03640                        -0.03698                        -0.04133                        -0.04802                        -0.35796                        0.53257                         1.10725                         1.15387                         0.32538                         0.28486                 
1998    1.09849                         1.46715                         1.20469                         -0.02334                        -0.02536                        -0.02520                        -0.03568                        -0.35607                        0.47982                         1.24424                         1.28774                         0.37258                         0.32575                 
1999    1.34268                         1.47379                         1.33861                         -0.03195                        -0.03051                        -0.03642                        -0.04826                        -0.33217                        0.55114                         1.19809                         1.24356                         0.34641                         0.30554                 
2000    1.31084                         1.48166                         1.30337                         -0.03352                        -0.03092                        -0.03759                        -0.04758                        -0.36906                        0.51434                         1.07936                         1.12593                         0.33015                         0.29653                 
2001    1.33476                         1.49983                         1.27802                         -0.03424                        -0.03202                        -0.03774                        -0.04705                        -0.34910                        0.54784                         1.11314                         1.16113                         0.32968                         0.29223                 
2002    1.42142                         1.87015                         1.49108                         -0.03830                        -0.03848                        -0.04490                        -0.05399                        -0.37575                        0.54926                         1.01178                         1.06598                         0.32858                         0.29361                 
2003    1.51196                         1.93768                         1.50282                         -0.03751                        -0.03578                        -0.04161                        -0.04979                        -0.33757                        0.55376                         1.07623                         1.12156                         0.32518                         0.28824                 
2004    1.29870                         1.76033                         1.39860                         -0.03341                        -0.03264                        -0.03589                        -0.04633                        -0.34262                        0.55226                         1.13758                         1.18882                         0.33652                         0.30030                 
2005    1.21549                         1.86112                         1.44505                         -0.03418                        -0.03308                        -0.03717                        -0.04904                        -0.31451                        0.55296                         1.04922                         1.10670                         0.32224                         0.28295                 
2006    1.31743                         1.78175                         1.42143                         -0.03516                        -0.03574                        -0.04077                        -0.05100                        -0.34441                        0.56650                         1.15752                         1.20271                         0.34504                         0.30900                 
2007    1.20433                         1.48925                         1.34029                         -0.03030                        -0.02877                        -0.03129                        -0.04429                        -0.34345                        0.53895                         1.06991                         1.11707                         0.34896                         0.31063                 
2008    1.21607                         1.69870                         1.53273                         -0.03429                        -0.03571                        -0.03966                        -0.05109                        -0.35299                        0.54430                         1.15294                         1.20284                         0.34140                         0.30013                 
2009    1.45405                         1.68843                         1.29568                         -0.03303                        -0.03165                        -0.03497                        -0.04499                        -0.34071                        0.50426                         1.01031                         1.05916                         0.32168                         0.28440                 
2010    1.18498                         1.72234                         1.33841                         -0.03294                        -0.03028                        -0.03354                        -0.04896                        -0.29680                        0.58356                         1.12303                         1.17190                         0.34107                         0.30470                 
2011    1.38944                         1.76742                         1.45098                         -0.03494                        -0.03402                        -0.03901                        -0.05210                        -0.34031                        0.58094                         1.10457                         1.15709                         0.34260                         0.30746                 
2012    1.09681                         1.57851                         1.45724                         -0.03001                        -0.02952                        -0.03398                        -0.04602                        -0.32443                        0.52044                         1.05088                         1.10119                         0.32491                         0.29167                 
2013    1.34468                         1.61237                         1.29774                         -0.02828                        -0.02650                        -0.03178                        -0.04461                        -0.34112                        0.53316                         1.10503                         1.16196                         0.32745                         0.29348                 
2014    1.36587                         1.74663                         1.38712                         -0.03943                        -0.03754                        -0.04073                        -0.05077                        -0.32973                        0.56499                         1.11532                         1.16944                         0.33373                         0.29817                 
2015    1.49825                         1.83923                         1.44074                         -0.03507                        -0.03809                        -0.04094                        -0.04732                        -0.35856                        0.55103                         1.22734                         1.27416                         0.36091                         0.31771                 
2016    1.20119                         1.52268                         1.25599                         -0.02905                        -0.02569                        -0.02765                        -0.03581                        -0.32183                        0.49554                         1.18578                         1.23367                         0.34578                         0.30345                 
2017    1.18076                         1.75467                         1.27616                         -0.02926                        -0.02776                        -0.03041                        -0.04177                        -0.31443                        0.54209                         1.13486                         1.18289                         0.35215                         0.31148                 
2018    1.31859                         1.74512                         1.41790                         -0.03570                        -0.03384                        -0.03709                        -0.04462                        -0.30587                        0.55155                         1.14195                         1.19670                         0.34659                         0.30642                 
