year    psi^min [10^11 kg/s]    psi^min(800 hPa) [10^11 kg/s]   psi^min(775 hPa) [10^11 kg/s]   psi^min(750 hPa) [10^11 kg/s]   psi^min(700 hPa) [10^11 kg/s]   psi^min(650 hPa) [10^11 kg/s]   psi^min(600 hPa) [10^11 kg/s]   psi^min(550 hPa) [10^11 kg/s]   psi^min(500 hPa) [10^11 kg/s]   psi^min(450 hPa) [10^11 kg/s]   psi^min(400 hPa) [10^11 kg/s]   <psi^min>_p [10^11 kg/s]        psi(phi^min, p^min) [10^11 kg/s]        psi_SHC [10^11 kg/s]
1979    -1.03201                -0.96322                        -1.00035                        -1.02383                        -1.03201                        -0.99953                        -0.95475                        -0.91718                        -0.88172                        -0.85474                        -0.83257                        -0.84409                        -0.99586                                -0.39143            
1980    -1.10960                -1.05048                        -1.08653                        -1.10667                        -1.10960                        -1.07615                        -1.02463                        -0.97368                        -0.93010                        -0.89111                        -0.85873                        -0.90439                        -1.10960                                -0.43480            
1981    -1.05115                -0.99361                        -1.02563                        -1.04393                        -1.05115                        -1.03173                        -0.99494                        -0.94862                        -0.90038                        -0.86133                        -0.83689                        -0.88048                        -1.05044                                -0.39536            
1982    -1.13863                -1.08228                        -1.11700                        -1.13667                        -1.13863                        -1.10320                        -1.05220                        -1.00077                        -0.95095                        -0.90410                        -0.86323                        -0.92463                        -1.11828                                -0.43080            
1983    -1.11658                -1.08451                        -1.10699                        -1.11658                        -1.11204                        -1.08966                        -1.05718                        -1.02029                        -0.98249                        -0.94568                        -0.90384                        -0.93926                        -1.06405                                -0.45897            
1984    -1.05913                -0.97681                        -1.01298                        -1.03729                        -1.05913                        -1.05448                        -1.03602                        -1.01598                        -0.99568                        -0.97212                        -0.93885                        -0.90725                        -1.03354                                -0.42765            
1985    -0.98175                -0.93766                        -0.96185                        -0.97776                        -0.98175                        -0.95833                        -0.92243                        -0.87955                        -0.83919                        -0.80908                        -0.78723                        -0.81647                        -0.97379                                -0.37089            
1986    -1.03439                -0.97524                        -1.00640                        -1.02548                        -1.03439                        -1.01329                        -0.97645                        -0.93665                        -0.89568                        -0.85994                        -0.83085                        -0.86136                        -1.03323                                -0.41012            
1987    -1.06521                -0.98273                        -1.02087                        -1.04821                        -1.06521                        -1.03956                        -0.99225                        -0.93880                        -0.89046                        -0.85348                        -0.82212                        -0.86352                        -1.06521                                -0.42819            
1988    -0.91217                -0.85238                        -0.87875                        -0.89712                        -0.91217                        -0.90191                        -0.87952                        -0.85461                        -0.83070                        -0.80763                        -0.78192                        -0.77819                        -0.88776                                -0.37600            
1989    -1.03577                -0.98615                        -1.01392                        -1.03079                        -1.03577                        -1.01755                        -0.99027                        -0.96606                        -0.94009                        -0.91492                        -0.88823                        -0.87842                        -0.98388                                -0.39859            
1990    -1.06740                -0.99974                        -1.03138                        -1.05262                        -1.06740                        -1.05089                        -1.01641                        -0.97720                        -0.94057                        -0.91464                        -0.89834                        -0.90369                        -1.06740                                -0.42448            
1991    -0.96215                -0.88309                        -0.92018                        -0.94567                        -0.96215                        -0.93964                        -0.90356                        -0.87188                        -0.85203                        -0.83849                        -0.81932                        -0.81161                        -0.92876                                -0.39284            
1992    -1.09594                -1.01620                        -1.05053                        -1.07456                        -1.09594                        -1.08778                        -1.06047                        -1.02358                        -0.98657                        -0.95406                        -0.92111                        -0.92868                        -1.09594                                -0.43818            
1993    -1.08526                -0.99909                        -1.03781                        -1.06468                        -1.08526                        -1.07785                        -1.06167                        -1.04358                        -1.02389                        -1.00135                        -0.97651                        -0.94271                        -1.08326                                -0.42475            
1994    -1.04665                -0.93202                        -0.97488                        -1.00913                        -1.04562                        -1.04665                        -1.02978                        -1.00611                        -0.98503                        -0.96803                        -0.95571                        -0.90941                        -1.04353                                -0.42724            
1995    -0.97560                -0.89724                        -0.92942                        -0.95342                        -0.97560                        -0.97366                        -0.96308                        -0.95107                        -0.93796                        -0.92826                        -0.92491                        -0.87061                        -0.97560                                -0.40182            
1996    -1.04485                -0.99944                        -1.02444                        -1.03857                        -1.04485                        -1.03176                        -1.00806                        -0.98059                        -0.95588                        -0.93760                        -0.93167                        -0.90456                        -1.02788                                -0.42598            
1997    -1.04573                -0.99446                        -1.02227                        -1.03973                        -1.04573                        -1.02245                        -0.98317                        -0.94185                        -0.90789                        -0.89009                        -0.88549                        -0.89059                        -1.04439                                -0.43358            
1998    -1.21295                -1.13340                        -1.17012                        -1.19446                        -1.21295                        -1.20222                        -1.17307                        -1.13690                        -1.10274                        -1.07240                        -1.04317                        -1.03537                        -1.18818                                -0.48508            
1999    -1.10628                -1.01068                        -1.05288                        -1.08140                        -1.10628                        -1.10334                        -1.08008                        -1.04731                        -1.01330                        -0.98321                        -0.95000                        -0.91719                        -1.09439                                -0.43276            
2000    -1.04967                -0.97633                        -1.00976                        -1.03147                        -1.04967                        -1.04805                        -1.04231                        -1.03306                        -1.02108                        -1.01065                        -0.99519                        -0.92109                        -1.01107                                -0.45224            
2001    -1.10085                -1.05526                        -1.08657                        -1.10085                        -1.09923                        -1.07728                        -1.04909                        -1.01930                        -0.99361                        -0.97784                        -0.96457                        -0.94167                        -1.09652                                -0.41720            
2002    -1.16016                -1.03446                        -1.08645                        -1.12434                        -1.16016                        -1.14741                        -1.10841                        -1.06822                        -1.03103                        -0.99859                        -0.97317                        -0.95309                        -1.15062                                -0.44468            
2003    -1.11650                -1.00859                        -1.05833                        -1.09150                        -1.11650                        -1.10766                        -1.07802                        -1.04234                        -0.99885                        -0.95483                        -0.91806                        -0.91483                        -1.11650                                -0.44163            
2004    -1.09276                -1.03597                        -1.06755                        -1.08588                        -1.09276                        -1.07072                        -1.04008                        -1.00779                        -0.97601                        -0.94625                        -0.92330                        -0.92582                        -1.09276                                -0.44007            
2005    -1.10343                -1.03208                        -1.07086                        -1.09397                        -1.10343                        -1.07591                        -1.02959                        -0.97997                        -0.93738                        -0.90134                        -0.86869                        -0.88682                        -1.08393                                -0.41813            
2006    -1.01299                -0.96315                        -0.99279                        -1.00755                        -1.01299                        -0.99704                        -0.96874                        -0.93537                        -0.90494                        -0.87970                        -0.85196                        -0.84726                        -0.99109                                -0.39599            
2007    -1.09963                -1.02245                        -1.06162                        -1.08471                        -1.09963                        -1.08250                        -1.05781                        -1.03513                        -0.99974                        -0.95769                        -0.92143                        -0.91740                        -1.09963                                -0.43811            
2008    -1.08360                -1.00132                        -1.04236                        -1.06847                        -1.08360                        -1.06125                        -1.02588                        -0.99298                        -0.96284                        -0.93592                        -0.92187                        -0.90418                        -1.06659                                -0.43388            
2009    -0.96827                -0.92218                        -0.95261                        -0.96754                        -0.96827                        -0.94871                        -0.92475                        -0.90289                        -0.88400                        -0.86203                        -0.84103                        -0.83196                        -0.95671                                -0.39470            
2010    -1.23672                -1.11512                        -1.16705                        -1.20386                        -1.23672                        -1.22435                        -1.18693                        -1.14156                        -1.09047                        -1.02976                        -0.97409                        -1.00096                        -1.21888                                -0.48628            
2011    -1.13158                -1.06626                        -1.10476                        -1.12633                        -1.13158                        -1.10296                        -1.06121                        -1.02022                        -0.97856                        -0.94440                        -0.92190                        -0.93211                        -1.12140                                -0.46653            
2012    -1.03613                -0.98113                        -1.01426                        -1.03240                        -1.03613                        -1.01368                        -0.98198                        -0.94859                        -0.91765                        -0.89104                        -0.86590                        -0.86288                        -1.02728                                -0.42309            
2013    -1.13096                -1.07405                        -1.10878                        -1.12742                        -1.13096                        -1.10940                        -1.07808                        -1.03925                        -0.99859                        -0.96259                        -0.93404                        -0.93585                        -1.12795                                -0.43801            
2014    -1.14219                -1.04195                        -1.08520                        -1.11463                        -1.14219                        -1.13528                        -1.11314                        -1.07443                        -1.02013                        -0.96279                        -0.91498                        -0.93534                        -1.13497                                -0.44378            
2015    -1.09356                -1.00324                        -1.04732                        -1.07524                        -1.09356                        -1.07973                        -1.05486                        -1.03259                        -1.00831                        -0.97884                        -0.94075                        -0.91491                        -1.07740                                -0.45466            
2016    -1.09785                -0.99374                        -1.03766                        -1.06817                        -1.09785                        -1.09339                        -1.06836                        -1.03504                        -1.00248                        -0.97713                        -0.95058                        -0.92549                        -1.09785                                -0.44302            
2017    -1.15657                -1.08828                        -1.12337                        -1.14292                        -1.15657                        -1.14780                        -1.12471                        -1.09407                        -1.06433                        -1.03866                        -1.00549                        -0.98066                        -1.15432                                -0.46685            
2018    -1.06292                -0.97403                        -1.01195                        -1.03690                        -1.06230                        -1.06292                        -1.04351                        -1.01138                        -0.97195                        -0.93390                        -0.89599                        -0.88627                        -1.06214                                -0.43437            
