year    psi^max [10^11 kg/s]    psi^max(800 hPa) [10^11 kg/s]   psi^max(775 hPa) [10^11 kg/s]   psi^max(750 hPa) [10^11 kg/s]   psi^max(700 hPa) [10^11 kg/s]   psi^max(650 hPa) [10^11 kg/s]   psi^max(600 hPa) [10^11 kg/s]   psi^max(550 hPa) [10^11 kg/s]   psi^max(500 hPa) [10^11 kg/s]   psi^max(450 hPa) [10^11 kg/s]   psi^max(400 hPa) [10^11 kg/s]   <psi^max>_p [10^11 kg/s]        psi(phi^max, p^max) [10^11 kg/s]        psi_NHC [10^11 kg/s]
1979    0.94817                 0.90814                         0.92944                         0.94209                         0.94817                         0.93960                         0.92600                         0.91617                         0.89876                         0.87453                         0.83912                         0.81951                         0.94749                                 0.41290             
1980    0.85718                 0.80671                         0.83088                         0.84645                         0.85718                         0.84716                         0.83075                         0.81657                         0.79825                         0.77229                         0.73567                         0.72189                         0.85718                                 0.39245             
1981    0.96237                 0.86776                         0.90068                         0.92599                         0.95650                         0.96237                         0.95699                         0.94527                         0.92255                         0.88600                         0.83717                         0.80830                         0.95650                                 0.41815             
1982    0.87036                 0.81284                         0.83702                         0.85435                         0.87036                         0.86534                         0.86067                         0.85407                         0.83485                         0.80364                         0.76521                         0.74722                         0.87036                                 0.37138             
1983    0.86390                 0.82853                         0.84900                         0.86024                         0.86390                         0.85954                         0.85870                         0.85141                         0.83170                         0.80495                         0.77891                         0.75825                         0.86390                                 0.37328             
1984    0.86148                 0.81936                         0.84082                         0.85365                         0.86148                         0.85376                         0.84817                         0.84330                         0.83233                         0.81507                         0.78902                         0.75574                         0.86148                                 0.37013             
1985    0.83363                 0.81057                         0.82651                         0.83363                         0.83124                         0.81588                         0.79827                         0.78128                         0.75859                         0.73020                         0.70288                         0.70863                         0.83124                                 0.34916             
1986    0.94327                 0.90442                         0.92419                         0.93580                         0.94327                         0.94201                         0.93702                         0.92850                         0.91787                         0.90205                         0.88147                         0.83627                         0.94126                                 0.40347             
1987    0.81634                 0.78185                         0.80071                         0.81175                         0.81634                         0.80401                         0.79013                         0.77676                         0.75969                         0.73433                         0.69706                         0.69036                         0.81634                                 0.35606             
1988    0.89434                 0.83028                         0.85852                         0.87763                         0.89434                         0.88784                         0.87129                         0.85577                         0.83236                         0.80037                         0.76337                         0.75638                         0.89434                                 0.37057             
1989    0.92017                 0.85470                         0.88365                         0.90290                         0.92017                         0.91699                         0.90375                         0.88960                         0.87083                         0.84027                         0.79234                         0.76860                         0.92017                                 0.39009             
1990    0.92719                 0.85436                         0.88525                         0.90664                         0.92719                         0.92625                         0.91747                         0.90674                         0.88826                         0.85649                         0.80857                         0.77614                         0.92719                                 0.40404             
1991    0.93468                 0.86867                         0.89602                         0.91494                         0.93468                         0.92851                         0.92099                         0.91333                         0.90288                         0.87825                         0.83828                         0.80025                         0.93468                                 0.39904             
1992    0.94294                 0.88870                         0.91644                         0.93376                         0.94294                         0.92816                         0.90708                         0.88534                         0.85473                         0.81124                         0.75599                         0.76703                         0.94108                                 0.39791             
1993    0.83818                 0.81357                         0.82892                         0.83818                         0.83776                         0.82352                         0.80994                         0.80094                         0.78480                         0.75836                         0.71838                         0.71168                         0.83776                                 0.35595             
1994    0.85070                 0.80313                         0.82352                         0.83652                         0.85070                         0.85011                         0.84823                         0.84824                         0.83832                         0.81309                         0.77946                         0.74539                         0.85070                                 0.37438             
1995    0.77957                 0.75934                         0.77362                         0.77957                         0.77307                         0.75498                         0.73894                         0.73478                         0.72777                         0.70735                         0.67395                         0.66293                         0.77127                                 0.34132             
1996    0.88187                 0.85547                         0.87311                         0.88187                         0.88075                         0.86346                         0.84004                         0.82031                         0.79855                         0.76845                         0.72761                         0.72494                         0.88075                                 0.35142             
1997    0.70711                 0.67128                         0.67677                         0.67595                         0.66874                         0.66941                         0.68545                         0.70214                         0.70711                         0.69433                         0.66914                         0.62714                         0.66361                                 0.31150             
1998    0.74810                 0.72897                         0.74251                         0.74810                         0.74472                         0.73236                         0.72782                         0.73410                         0.73135                         0.70866                         0.66203                         0.63884                         0.73736                                 0.32647             
1999    0.81211                 0.76081                         0.78527                         0.80112                         0.81211                         0.80134                         0.78325                         0.76408                         0.73723                         0.70204                         0.66055                         0.66172                         0.77222                                 0.32419             
2000    0.82048                 0.77824                         0.80059                         0.81364                         0.82048                         0.80971                         0.79852                         0.78637                         0.76352                         0.73101                         0.69381                         0.68664                         0.82048                                 0.35577             
2001    0.82641                 0.77854                         0.80342                         0.81902                         0.82641                         0.80892                         0.78299                         0.75831                         0.72995                         0.69371                         0.64953                         0.66375                         0.82461                                 0.34012             
2002    0.82366                 0.76229                         0.78690                         0.80557                         0.82366                         0.82193                         0.81648                         0.81328                         0.80459                         0.78575                         0.75816                         0.71118                         0.81844                                 0.36332             
2003    0.80764                 0.77837                         0.79812                         0.80764                         0.80318                         0.77829                         0.75324                         0.73373                         0.71347                         0.68419                         0.64585                         0.65784                         0.80048                                 0.33989             
2004    0.87618                 0.84762                         0.86715                         0.87618                         0.87163                         0.84597                         0.81613                         0.78451                         0.75104                         0.71938                         0.69781                         0.72399                         0.87163                                 0.37870             
2005    0.91217                 0.86378                         0.88947                         0.90462                         0.91217                         0.89939                         0.87646                         0.85487                         0.83168                         0.79960                         0.75429                         0.75274                         0.91176                                 0.38587             
2006    0.79779                 0.76499                         0.78391                         0.79379                         0.79779                         0.78983                         0.78176                         0.77201                         0.75648                         0.73362                         0.70489                         0.68752                         0.79779                                 0.34962             
2007    0.92461                 0.87653                         0.90258                         0.91738                         0.92461                         0.91222                         0.89213                         0.86986                         0.84311                         0.80987                         0.76915                         0.76606                         0.92461                                 0.39337             
2008    0.90752                 0.86397                         0.88709                         0.90077                         0.90752                         0.89703                         0.88270                         0.86837                         0.84961                         0.82294                         0.78812                         0.77033                         0.90752                                 0.39553             
2009    0.92103                 0.86379                         0.88922                         0.90550                         0.92103                         0.91520                         0.90583                         0.89772                         0.88377                         0.85681                         0.82173                         0.79435                         0.91647                                 0.41244             
2010    0.85114                 0.79448                         0.82095                         0.83836                         0.85114                         0.84151                         0.82307                         0.80429                         0.78292                         0.75941                         0.73453                         0.71874                         0.85008                                 0.37309             
2011    0.92957                 0.87586                         0.90165                         0.91803                         0.92957                         0.91973                         0.90191                         0.88722                         0.87325                         0.85200                         0.81820                         0.79184                         0.92526                                 0.40439             
2012    0.86369                 0.75677                         0.77820                         0.79453                         0.81786                         0.84579                         0.85900                         0.86369                         0.85730                         0.83971                         0.81753                         0.75101                         0.81166                                 0.37993             
2013    0.88990                 0.86152                         0.88099                         0.88990                         0.88681                         0.86809                         0.84793                         0.82948                         0.80667                         0.77839                         0.74485                         0.74197                         0.87920                                 0.38747             
2014    0.80458                 0.76812                         0.78408                         0.79214                         0.79758                         0.80290                         0.80458                         0.80145                         0.79434                         0.78611                         0.77976                         0.72875                         0.79476                                 0.38182             
2015    0.84991                 0.84025                         0.84991                         0.84969                         0.83472                         0.81695                         0.80654                         0.80215                         0.79484                         0.78181                         0.76334                         0.74401                         0.83472                                 0.37091             
2016    0.91597                 0.88807                         0.90691                         0.91597                         0.91006                         0.88517                         0.85829                         0.83520                         0.80965                         0.78547                         0.75831                         0.76018                         0.91006                                 0.39306             
2017    0.86744                 0.84498                         0.86114                         0.86744                         0.86469                         0.85379                         0.84092                         0.82874                         0.81003                         0.78117                         0.74712                         0.74257                         0.86469                                 0.38585             
2018    0.88524                 0.82827                         0.85363                         0.86966                         0.88524                         0.88327                         0.87727                         0.86694                         0.84344                         0.80804                         0.77347                         0.76241                         0.88524                                 0.37684             
