year    psi^min [10^11 kg/s]    psi^min(800 hPa) [10^11 kg/s]   psi^min(775 hPa) [10^11 kg/s]   psi^min(750 hPa) [10^11 kg/s]   psi^min(700 hPa) [10^11 kg/s]   psi^min(650 hPa) [10^11 kg/s]   psi^min(600 hPa) [10^11 kg/s]   psi^min(550 hPa) [10^11 kg/s]   psi^min(500 hPa) [10^11 kg/s]   psi^min(450 hPa) [10^11 kg/s]   psi^min(400 hPa) [10^11 kg/s]   <psi^min>_p [10^11 kg/s]        psi(phi^min, p^min) [10^11 kg/s]        psi_SHC [10^11 kg/s]
1979    -1.40164                -1.23944                        -1.29323                        -1.33332                        -1.38125                        -1.39754                        -1.40084                        -1.40164                        -1.38991                        -1.36197                        -1.31083                        -1.21848                        -1.39754                                -0.61131            
1980    -1.34892                -1.27892                        -1.27765                        -1.30439                        -1.33454                        -1.34372                        -1.34892                        -1.34296                        -1.31774                        -1.27431                        -1.20856                        -1.17327                        -1.34343                                -0.61015            
1981    -1.37967                -1.27799                        -1.32092                        -1.34993                        -1.37797                        -1.37967                        -1.37539                        -1.36119                        -1.32802                        -1.28136                        -1.22700                        -1.18894                        -1.36492                                -0.59795            
1982    -1.31814                -1.22215                        -1.26207                        -1.28831                        -1.31008                        -1.30690                        -1.30611                        -1.31520                        -1.31814                        -1.30395                        -1.26875                        -1.18134                        -1.30690                                -0.59152            
1983    -1.33846                -1.24585                        -1.28012                        -1.30306                        -1.32725                        -1.33315                        -1.33652                        -1.33846                        -1.32043                        -1.28379                        -1.23504                        -1.16672                        -1.30314                                -0.60019            
1984    -1.14944                -1.07023                        -1.10456                        -1.12767                        -1.14768                        -1.14607                        -1.14375                        -1.14944                        -1.14837                        -1.13501                        -1.10312                        -1.02823                        -1.11130                                -0.51377            
1985    -1.20079                -1.11655                        -1.15397                        -1.17818                        -1.20079                        -1.20025                        -1.19527                        -1.18344                        -1.15038                        -1.10080                        -1.04787                        -1.03660                        -1.19443                                -0.51677            
1986    -1.48732                -1.31910                        -1.37532                        -1.41553                        -1.46044                        -1.47583                        -1.48334                        -1.48732                        -1.47117                        -1.42984                        -1.36457                        -1.27071                        -1.47583                                -0.61675            
1987    -1.50449                -1.34125                        -1.39902                        -1.44195                        -1.48906                        -1.50113                        -1.50449                        -1.50177                        -1.48267                        -1.43892                        -1.36446                        -1.28276                        -1.50113                                -0.63830            
1988    -1.38544                -1.22431                        -1.27724                        -1.31645                        -1.36454                        -1.38170                        -1.38544                        -1.37955                        -1.35605                        -1.31761                        -1.27056                        -1.21110                        -1.35820                                -0.61998            
1989    -1.39306                -1.24364                        -1.26569                        -1.30476                        -1.35655                        -1.38192                        -1.39306                        -1.39177                        -1.36939                        -1.32865                        -1.27579                        -1.21567                        -1.38192                                -0.59462            
1990    -1.53075                -1.40212                        -1.43459                        -1.47391                        -1.51538                        -1.52895                        -1.53075                        -1.51822                        -1.47903                        -1.41682                        -1.34534                        -1.31041                        -1.52895                                -0.64817            
1991    -1.38852                -1.27997                        -1.31626                        -1.34697                        -1.37946                        -1.38849                        -1.38852                        -1.37336                        -1.33328                        -1.28072                        -1.22093                        -1.19150                        -1.38537                                -0.60430            
1992    -1.31201                -1.21798                        -1.25465                        -1.28166                        -1.30933                        -1.31201                        -1.30882                        -1.29899                        -1.26857                        -1.22903                        -1.20193                        -1.14540                        -1.27568                                -0.54949            
1993    -1.41783                -1.26428                        -1.31916                        -1.36123                        -1.40737                        -1.41783                        -1.41657                        -1.40638                        -1.37467                        -1.33426                        -1.29444                        -1.21075                        -1.41270                                -0.58553            
1994    -1.45209                -1.28018                        -1.33733                        -1.38009                        -1.43005                        -1.44904                        -1.45209                        -1.43608                        -1.39077                        -1.32850                        -1.26842                        -1.23277                        -1.44387                                -0.59769            
1995    -1.24661                -1.17019                        -1.15460                        -1.17620                        -1.21592                        -1.23235                        -1.24252                        -1.24661                        -1.22745                        -1.18355                        -1.12793                        -1.09432                        -1.23008                                -0.56563            
1996    -1.14244                -1.12945                        -1.10326                        -1.07392                        -1.09279                        -1.09871                        -1.10311                        -1.10169                        -1.08346                        -1.05448                        -1.02661                        -1.00998                        -1.09538                                -0.52877            
1997    -1.44259                -1.38154                        -1.41385                        -1.43444                        -1.44259                        -1.41609                        -1.38007                        -1.35485                        -1.32487                        -1.29221                        -1.26804                        -1.23992                        -1.37497                                -0.59558            
1998    -1.21343                -1.18400                        -1.20314                        -1.21343                        -1.20575                        -1.18337                        -1.17537                        -1.18098                        -1.17370                        -1.14305                        -1.10153                        -1.06721                        -1.16469                                -0.55296            
1999    -1.22101                -1.11932                        -1.15233                        -1.18485                        -1.21424                        -1.21812                        -1.22101                        -1.22087                        -1.19735                        -1.15175                        -1.10392                        -1.05741                        -1.21674                                -0.53536            
2000    -1.30132                -1.16115                        -1.20648                        -1.23905                        -1.27771                        -1.29349                        -1.30132                        -1.30064                        -1.27717                        -1.23408                        -1.18712                        -1.12524                        -1.29349                                -0.56201            
2001    -1.16080                -1.08937                        -1.12421                        -1.14527                        -1.16080                        -1.15676                        -1.14897                        -1.13652                        -1.10867                        -1.07344                        -1.04591                        -1.00548                        -1.14988                                -0.49445            
2002    -1.41344                -1.28447                        -1.33449                        -1.37071                        -1.40943                        -1.41344                        -1.40269                        -1.38532                        -1.35084                        -1.30003                        -1.24812                        -1.18344                        -1.41344                                -0.59473            
2003    -1.41879                -1.32157                        -1.36661                        -1.39436                        -1.41879                        -1.41690                        -1.41231                        -1.40688                        -1.38911                        -1.35296                        -1.30767                        -1.22941                        -1.41690                                -0.59760            
2004    -1.34779                -1.26713                        -1.30717                        -1.33086                        -1.34779                        -1.33471                        -1.32038                        -1.30308                        -1.26071                        -1.20626                        -1.16973                        -1.14256                        -1.33471                                -0.56145            
2005    -1.32597                -1.29564                        -1.29977                        -1.31375                        -1.32597                        -1.31779                        -1.30752                        -1.29241                        -1.25211                        -1.19762                        -1.16037                        -1.14577                        -1.31779                                -0.56170            
2006    -1.56512                -1.44553                        -1.49960                        -1.53870                        -1.56512                        -1.53072                        -1.46798                        -1.39491                        -1.31696                        -1.24456                        -1.18950                        -1.24339                        -1.50844                                -0.64686            
2007    -1.29600                -1.20958                        -1.21056                        -1.24074                        -1.27679                        -1.29143                        -1.29600                        -1.28581                        -1.25103                        -1.20750                        -1.18786                        -1.14286                        -1.29143                                -0.58389            
2008    -1.41501                -1.26945                        -1.29713                        -1.32843                        -1.37542                        -1.40244                        -1.41501                        -1.40674                        -1.36582                        -1.30856                        -1.26450                        -1.21102                        -1.39509                                -0.62072            
2009    -1.33171                -1.20449                        -1.24669                        -1.27881                        -1.31859                        -1.33171                        -1.33115                        -1.31898                        -1.28370                        -1.22965                        -1.18467                        -1.14807                        -1.32691                                -0.57609            
2010    -1.38164                -1.37087                        -1.38164                        -1.37089                        -1.31428                        -1.23052                        -1.16574                        -1.16013                        -1.14875                        -1.12721                        -1.11955                        -1.12774                        -1.14050                                -0.58728            
2011    -1.47816                -1.43529                        -1.46541                        -1.47578                        -1.47816                        -1.47812                        -1.46369                        -1.44141                        -1.40241                        -1.35386                        -1.32384                        -1.28845                        -1.47484                                -0.65492            
2012    -1.40564                -1.23800                        -1.28815                        -1.32613                        -1.37508                        -1.39823                        -1.40564                        -1.39511                        -1.35775                        -1.30260                        -1.25422                        -1.19998                        -1.39344                                -0.60410            
2013    -1.36895                -1.30086                        -1.33222                        -1.35249                        -1.36895                        -1.34841                        -1.30711                        -1.30077                        -1.29090                        -1.26938                        -1.24973                        -1.20003                        -1.31403                                -0.61716            
2014    -1.55778                -1.47315                        -1.51153                        -1.53611                        -1.55778                        -1.52864                        -1.47399                        -1.44360                        -1.41149                        -1.37364                        -1.34944                        -1.31404                        -1.44969                                -0.65547            
2015    -1.70329                -1.52280                        -1.58959                        -1.64200                        -1.70329                        -1.70227                        -1.65405                        -1.58237                        -1.50010                        -1.43997                        -1.43452                        -1.41973                        -1.60553                                -0.67971            
2016    -1.41230                -1.40087                        -1.41230                        -1.40852                        -1.35524                        -1.26598                        -1.22041                        -1.22516                        -1.22049                        -1.21042                        -1.21333                        -1.19242                        -1.22889                                -0.59942            
2017    -1.41560                -1.40058                        -1.41560                        -1.41292                        -1.40488                        -1.38759                        -1.36748                        -1.34400                        -1.30809                        -1.26356                        -1.22914                        -1.21969                        -1.38374                                -0.61892            
2018    -1.29848                -1.23114                        -1.26510                        -1.28560                        -1.29848                        -1.28933                        -1.27797                        -1.26413                        -1.23865                        -1.21272                        -1.19753                        -1.13974                        -1.28345                                -0.57211            
