year    psi^min [10^11 kg/s]    psi^min(800 hPa) [10^11 kg/s]   psi^min(775 hPa) [10^11 kg/s]   psi^min(750 hPa) [10^11 kg/s]   psi^min(700 hPa) [10^11 kg/s]   psi^min(650 hPa) [10^11 kg/s]   psi^min(600 hPa) [10^11 kg/s]   psi^min(550 hPa) [10^11 kg/s]   psi^min(500 hPa) [10^11 kg/s]   psi^min(450 hPa) [10^11 kg/s]   psi^min(400 hPa) [10^11 kg/s]   <psi^min>_p [10^11 kg/s]        psi(phi^min, p^min) [10^11 kg/s]        psi_SHC [10^11 kg/s]
1979    -1.27696                -1.23160                        -1.26138                        -1.27696                        -1.27619                        -1.23973                        -1.18937                        -1.14425                        -1.10411                        -1.05768                        -1.00440                        -1.06661                        -1.27619                                -0.55503            
1980    -1.19188                -1.18644                        -1.18143                        -1.18535                        -1.16432                        -1.11085                        -1.05167                        -1.00579                        -0.96868                        -0.92929                        -0.88665                        -0.97161                        -1.15171                                -0.54812            
1981    -1.27552                -1.24158                        -1.26801                        -1.27552                        -1.25540                        -1.21328                        -1.16645                        -1.11881                        -1.06943                        -1.02703                        -1.00587                        -1.04912                        -1.25540                                -0.55131            
1982    -1.27322                -1.21592                        -1.25081                        -1.27322                        -1.27013                        -1.22257                        -1.15990                        -1.11969                        -1.08356                        -1.02925                        -0.97864                        -1.04513                        -1.26856                                -0.55472            
1983    -1.25134                -1.22176                        -1.24466                        -1.25134                        -1.23252                        -1.19594                        -1.15596                        -1.12070                        -1.08229                        -1.03773                        -0.99443                        -1.03661                        -1.21082                                -0.56804            
1984    -1.07815                -1.02332                        -1.05686                        -1.07536                        -1.07815                        -1.05525                        -1.02602                        -0.99655                        -0.97072                        -0.95157                        -0.93366                        -0.93239                        -1.05887                                -0.49470            
1985    -1.24006                -1.15750                        -1.20284                        -1.23399                        -1.24006                        -1.19762                        -1.15116                        -1.10030                        -1.04206                        -0.97958                        -0.92803                        -0.99137                        -1.23385                                -0.51699            
1986    -1.42231                -1.32126                        -1.37609                        -1.40980                        -1.42231                        -1.39300                        -1.35513                        -1.32262                        -1.28726                        -1.23726                        -1.18423                        -1.18484                        -1.42231                                -0.59585            
1987    -1.33262                -1.24480                        -1.28686                        -1.31436                        -1.33262                        -1.31790                        -1.27982                        -1.22981                        -1.18217                        -1.14621                        -1.11756                        -1.12890                        -1.33262                                -0.57105            
1988    -1.18319                -1.17299                        -1.15994                        -1.16483                        -1.18319                        -1.17355                        -1.15521                        -1.13040                        -1.09910                        -1.06798                        -1.03884                        -1.04755                        -1.17651                                -0.57044            
1989    -1.21670                -1.14135                        -1.16638                        -1.18845                        -1.21670                        -1.21414                        -1.18958                        -1.16140                        -1.12431                        -1.07956                        -1.05302                        -1.04976                        -1.21242                                -0.54376            
1990    -1.37399                -1.29916                        -1.32722                        -1.36001                        -1.37399                        -1.32359                        -1.25432                        -1.21540                        -1.18217                        -1.14026                        -1.11362                        -1.13425                        -1.34791                                -0.59504            
1991    -1.18945                -1.08899                        -1.13343                        -1.16429                        -1.18945                        -1.16647                        -1.12829                        -1.09430                        -1.05823                        -1.01720                        -0.97908                        -0.98192                        -1.18563                                -0.53246            
1992    -1.08930                -1.03056                        -1.05978                        -1.07886                        -1.08930                        -1.07325                        -1.05161                        -1.03592                        -1.01741                        -1.00735                        -1.01931                        -0.96647                        -1.04745                                -0.50122            
1993    -1.25887                -1.12867                        -1.18318                        -1.22329                        -1.25887                        -1.25278                        -1.23215                        -1.21315                        -1.18770                        -1.15859                        -1.13912                        -1.07004                        -1.25837                                -0.54903            
1994    -1.33602                -1.14895                        -1.21434                        -1.26879                        -1.33143                        -1.33602                        -1.31692                        -1.29641                        -1.25743                        -1.19918                        -1.16526                        -1.13726                        -1.31964                                -0.58573            
1995    -1.19946                -1.19946                        -1.19777                        -1.19463                        -1.17986                        -1.15091                        -1.13778                        -1.12851                        -1.11017                        -1.08241                        -1.05474                        -1.03832                        -1.16357                                -0.55706            
1996    -1.05996                -1.05996                        -1.05768                        -1.05108                        -1.03510                        -1.02719                        -1.01549                        -1.00461                        -0.98875                        -0.96581                        -0.95245                        -0.94552                        -1.02588                                -0.52407            
1997    -1.58212                -1.45884                        -1.50992                        -1.55009                        -1.58212                        -1.56082                        -1.50850                        -1.44479                        -1.38982                        -1.35089                        -1.35684                        -1.32655                        -1.51690                                -0.63303            
1998    -1.33048                -1.32593                        -1.33048                        -1.32923                        -1.29124                        -1.21714                        -1.18415                        -1.15890                        -1.13157                        -1.10359                        -1.09199                        -1.09369                        -1.22379                                -0.59304            
1999    -1.43203                -1.41915                        -1.43155                        -1.43203                        -1.38216                        -1.27751                        -1.19414                        -1.18352                        -1.16441                        -1.14524                        -1.13147                        -1.13223                        -1.21856                                -0.58897            
2000    -1.33125                -1.30162                        -1.29999                        -1.29951                        -1.32812                        -1.33125                        -1.32374                        -1.30677                        -1.27753                        -1.25296                        -1.24980                        -1.17434                        -1.29405                                -0.58472            
2001    -1.34510                -1.34510                        -1.34179                        -1.32589                        -1.26054                        -1.15747                        -1.09056                        -1.05686                        -1.02946                        -1.02230                        -1.03677                        -1.05738                        -1.13059                                -0.54536            
2002    -1.56022                -1.41784                        -1.48046                        -1.52707                        -1.56022                        -1.53299                        -1.49696                        -1.45817                        -1.41787                        -1.38233                        -1.36305                        -1.29048                        -1.55366                                -0.66798            
2003    -1.45637                -1.40083                        -1.42906                        -1.44688                        -1.45637                        -1.44693                        -1.42760                        -1.40712                        -1.38165                        -1.35550                        -1.34334                        -1.28420                        -1.45637                                -0.65692            
2004    -1.38705                -1.29023                        -1.34008                        -1.37100                        -1.38705                        -1.36352                        -1.32727                        -1.28796                        -1.24677                        -1.20828                        -1.18822                        -1.16569                        -1.38705                                -0.60847            
2005    -1.41960                -1.41339                        -1.41960                        -1.41023                        -1.35421                        -1.29174                        -1.25545                        -1.23374                        -1.20432                        -1.17375                        -1.16056                        -1.16111                        -1.28742                                -0.59463            
2006    -1.53334                -1.43316                        -1.48136                        -1.51408                        -1.53334                        -1.48378                        -1.39593                        -1.32421                        -1.26342                        -1.22188                        -1.21045                        -1.22797                        -1.47271                                -0.65034            
2007    -1.34442                -1.34442                        -1.34142                        -1.32407                        -1.29633                        -1.26336                        -1.24138                        -1.23006                        -1.20984                        -1.17821                        -1.16343                        -1.14851                        -1.27832                                -0.61079            
2008    -1.33114                -1.25097                        -1.27121                        -1.30084                        -1.33085                        -1.33114                        -1.32197                        -1.29930                        -1.26474                        -1.23430                        -1.21622                        -1.17033                        -1.30227                                -0.61827            
2009    -1.24271                -1.15841                        -1.19836                        -1.22581                        -1.24271                        -1.21745                        -1.17024                        -1.12068                        -1.08161                        -1.06333                        -1.07078                        -1.05987                        -1.23717                                -0.56436            
2010    -1.39364                -1.39364                        -1.38506                        -1.36549                        -1.28286                        -1.17142                        -1.07604                        -1.00966                        -0.99440                        -0.98860                        -0.99556                        -1.06006                        -1.08419                                -0.56988            
2011    -1.46393                -1.46231                        -1.46393                        -1.44626                        -1.40735                        -1.35646                        -1.31404                        -1.28866                        -1.26955                        -1.24434                        -1.22256                        -1.21933                        -1.39482                                -0.62774            
2012    -1.28400                -1.17883                        -1.22392                        -1.25624                        -1.28400                        -1.27606                        -1.25401                        -1.23063                        -1.20599                        -1.17711                        -1.15394                        -1.11340                        -1.26316                                -0.58915            
2013    -1.31027                -1.24689                        -1.26486                        -1.28046                        -1.31027                        -1.28594                        -1.24249                        -1.20524                        -1.17272                        -1.14689                        -1.12693                        -1.12113                        -1.31027                                -0.59511            
2014    -1.41687                -1.34021                        -1.36679                        -1.39799                        -1.41686                        -1.37596                        -1.31254                        -1.27534                        -1.23987                        -1.20012                        -1.17619                        -1.17702                        -1.36850                                -0.61894            
2015    -1.52200                -1.36799                        -1.41938                        -1.46225                        -1.51970                        -1.52200                        -1.48624                        -1.43199                        -1.36780                        -1.31249                        -1.29913                        -1.27745                        -1.48046                                -0.64716            
2016    -1.30249                -1.29196                        -1.30249                        -1.30194                        -1.28122                        -1.22759                        -1.19484                        -1.17691                        -1.16465                        -1.16171                        -1.17121                        -1.13593                        -1.22032                                -0.59748            
2017    -1.31861                -1.26906                        -1.26864                        -1.29274                        -1.31861                        -1.30849                        -1.27536                        -1.23402                        -1.19490                        -1.16116                        -1.13746                        -1.13598                        -1.31519                                -0.60450            
2018    -1.26899                -1.15696                        -1.20402                        -1.23790                        -1.26899                        -1.25730                        -1.22739                        -1.19795                        -1.17648                        -1.17380                        -1.17903                        -1.09883                        -1.26635                                -0.56734            
