year    psi^min [10^11 kg/s]    psi^min(800 hPa) [10^11 kg/s]   psi^min(775 hPa) [10^11 kg/s]   psi^min(750 hPa) [10^11 kg/s]   psi^min(700 hPa) [10^11 kg/s]   psi^min(650 hPa) [10^11 kg/s]   psi^min(600 hPa) [10^11 kg/s]   psi^min(550 hPa) [10^11 kg/s]   psi^min(500 hPa) [10^11 kg/s]   psi^min(450 hPa) [10^11 kg/s]   psi^min(400 hPa) [10^11 kg/s]   <psi^min>_p [10^11 kg/s]        psi(phi^min, p^min) [10^11 kg/s]        psi_SHC [10^11 kg/s]
1980    -0.49066                -0.48913                        -0.48279                        -0.47357                        -0.45226                        -0.43126                        -0.41596                        -0.40289                        -0.39134                        -0.38359                        -0.37837                        -0.39832                        -0.48913                                -0.20921            
1981    -0.54741                -0.54741                        -0.54621                        -0.54068                        -0.52420                        -0.50398                        -0.48067                        -0.46240                        -0.44920                        -0.44314                        -0.44446                        -0.45122                        -0.54040                                -0.23817            
1982    -0.54559                -0.54559                        -0.54330                        -0.54021                        -0.52967                        -0.52240                        -0.51769                        -0.51277                        -0.50837                        -0.51083                        -0.51529                        -0.49179                        -0.54559                                -0.25136            
1983    -0.62959                -0.62959                        -0.62942                        -0.62500                        -0.61208                        -0.59932                        -0.58503                        -0.56547                        -0.54601                        -0.53398                        -0.52260                        -0.53679                        -0.62959                                -0.27844            
1984    -0.45883                -0.45883                        -0.45661                        -0.45301                        -0.44814                        -0.44548                        -0.43935                        -0.42697                        -0.41183                        -0.39923                        -0.39049                        -0.39770                        -0.45373                                -0.21946            
1985    -0.53375                -0.52077                        -0.52981                        -0.53375                        -0.53223                        -0.52301                        -0.51046                        -0.49871                        -0.49093                        -0.48925                        -0.49408                        -0.47450                        -0.52077                                -0.24160            
1986    -0.47056                -0.46788                        -0.46882                        -0.46872                        -0.47016                        -0.47056                        -0.46545                        -0.45281                        -0.43683                        -0.42126                        -0.41052                        -0.41004                        -0.46184                                -0.21485            
1987    -0.51916                -0.51916                        -0.51802                        -0.51291                        -0.50235                        -0.49155                        -0.48037                        -0.46843                        -0.45903                        -0.45809                        -0.46307                        -0.45638                        -0.51916                                -0.23765            
1988    -0.56968                -0.55988                        -0.56700                        -0.56968                        -0.56950                        -0.56452                        -0.55542                        -0.54556                        -0.53865                        -0.54107                        -0.54783                        -0.51901                        -0.54670                                -0.26063            
1989    -0.53257                -0.43106                        -0.42923                        -0.42495                        -0.41441                        -0.40378                        -0.39238                        -0.38053                        -0.37225                        -0.36956                        -0.36745                        -0.36741                        -0.42082                                -0.19488            
1990    -0.57920                -0.49841                        -0.49296                        -0.48479                        -0.46731                        -0.45172                        -0.44205                        -0.43883                        -0.44275                        -0.44969                        -0.45889                        -0.44387                        -0.49841                                -0.22185            
1991    -0.50304                -0.50163                        -0.50304                        -0.50080                        -0.49103                        -0.47856                        -0.46651                        -0.45553                        -0.44919                        -0.45087                        -0.45927                        -0.44400                        -0.50163                                -0.21942            
1992    -0.47648                -0.41805                        -0.41224                        -0.40941                        -0.39734                        -0.38220                        -0.37649                        -0.37928                        -0.38392                        -0.39073                        -0.40279                        -0.39069                        -0.41805                                -0.19700            
1993    -0.38825                -0.35479                        -0.35138                        -0.34659                        -0.33418                        -0.32085                        -0.31195                        -0.31158                        -0.32064                        -0.33637                        -0.35922                        -0.33643                        -0.35338                                -0.17623            
1994    -0.50479                -0.47982                        -0.47593                        -0.46978                        -0.45849                        -0.44833                        -0.44150                        -0.43627                        -0.43438                        -0.43585                        -0.43982                        -0.42902                        -0.45870                                -0.23413            
1995    -0.45497                -0.44961                        -0.44038                        -0.42842                        -0.40565                        -0.39028                        -0.38071                        -0.37874                        -0.38032                        -0.38660                        -0.39738                        -0.39375                        -0.42282                                -0.20112            
1996    -0.42091                -0.41713                        -0.41132                        -0.40267                        -0.38717                        -0.37839                        -0.37288                        -0.36782                        -0.36523                        -0.36618                        -0.36987                        -0.35428                        -0.41713                                -0.17437            
1997    -0.58044                -0.57592                        -0.57772                        -0.57527                        -0.56517                        -0.55573                        -0.55241                        -0.55479                        -0.56223                        -0.57158                        -0.58014                        -0.53852                        -0.57342                                -0.26696            
1998    -0.73612                -0.72314                        -0.73258                        -0.73612                        -0.73571                        -0.73271                        -0.72922                        -0.72428                        -0.71517                        -0.70779                        -0.69823                        -0.65954                        -0.70567                                -0.33513            
1999    -0.60870                -0.39993                        -0.40544                        -0.40958                        -0.41635                        -0.41832                        -0.42607                        -0.43524                        -0.44790                        -0.46389                        -0.47480                        -0.40664                        -0.39057                                -0.22524            
2000    -0.47400                -0.42495                        -0.42162                        -0.41776                        -0.41196                        -0.41025                        -0.41090                        -0.41120                        -0.41280                        -0.41401                        -0.40929                        -0.37948                        -0.38888                                -0.20533            
2001    -0.52098                -0.50919                        -0.51009                        -0.50845                        -0.50683                        -0.50416                        -0.50210                        -0.50272                        -0.50581                        -0.51343                        -0.52098                        -0.47150                        -0.50542                                -0.23316            
2002    -0.50820                -0.40343                        -0.40083                        -0.39395                        -0.37631                        -0.36331                        -0.35831                        -0.36298                        -0.37571                        -0.38733                        -0.39778                        -0.36773                        -0.40343                                -0.19442            
2003    -0.52953                -0.45607                        -0.45850                        -0.46075                        -0.46855                        -0.47745                        -0.48874                        -0.49933                        -0.50848                        -0.51930                        -0.52953                        -0.46527                        -0.45205                                -0.24951            
2004    -0.47912                -0.45351                        -0.45870                        -0.45964                        -0.46442                        -0.47033                        -0.47422                        -0.47495                        -0.47700                        -0.47912                        -0.47846                        -0.43379                        -0.45336                                -0.23755            
2005    -0.46717                -0.44999                        -0.45163                        -0.45102                        -0.44411                        -0.43707                        -0.43478                        -0.43544                        -0.44195                        -0.45644                        -0.46717                        -0.41693                        -0.44999                                -0.22678            
2006    -0.49676                -0.45911                        -0.46034                        -0.45619                        -0.44157                        -0.43129                        -0.43053                        -0.43413                        -0.44248                        -0.45519                        -0.46551                        -0.41475                        -0.41871                                -0.21738            
2007    -0.57823                -0.47668                        -0.47788                        -0.47624                        -0.47274                        -0.47313                        -0.47307                        -0.47147                        -0.47259                        -0.47903                        -0.47919                        -0.44315                        -0.47668                                -0.23304            
2008    -0.54793                -0.48467                        -0.48822                        -0.49081                        -0.49534                        -0.50295                        -0.51174                        -0.52305                        -0.53668                        -0.54699                        -0.54793                        -0.46790                        -0.48248                                -0.24575            
2009    -0.49618                -0.37938                        -0.38316                        -0.38393                        -0.38165                        -0.38237                        -0.38359                        -0.38842                        -0.39906                        -0.41373                        -0.42915                        -0.37132                        -0.37938                                -0.19036            
2010    -0.51065                -0.51065                        -0.50935                        -0.50367                        -0.48833                        -0.47889                        -0.47911                        -0.48425                        -0.49134                        -0.50121                        -0.50978                        -0.46715                        -0.51065                                -0.24148            
2011    -0.57033                -0.44871                        -0.45462                        -0.45908                        -0.47021                        -0.48383                        -0.49807                        -0.51429                        -0.53297                        -0.55183                        -0.57033                        -0.47314                        -0.44871                                -0.23973            
2012    -0.49226                -0.37992                        -0.37467                        -0.36907                        -0.36478                        -0.36699                        -0.37433                        -0.38372                        -0.39490                        -0.41480                        -0.43263                        -0.37187                        -0.37652                                -0.19614            
2013    -0.51308                -0.47546                        -0.47666                        -0.47301                        -0.46408                        -0.45684                        -0.45231                        -0.45224                        -0.45652                        -0.47146                        -0.48578                        -0.43614                        -0.47529                                -0.24246            
2014    -0.51853                -0.43290                        -0.44009                        -0.44320                        -0.44688                        -0.45613                        -0.47316                        -0.48913                        -0.49932                        -0.50813                        -0.51853                        -0.44472                        -0.41158                                -0.23512            
2015    -0.46278                -0.34291                        -0.33766                        -0.33094                        -0.32161                        -0.32208                        -0.33370                        -0.34858                        -0.36465                        -0.38776                        -0.41277                        -0.34386                        -0.34291                                -0.17716            
2016    -0.58926                -0.39817                        -0.39185                        -0.38329                        -0.36964                        -0.36594                        -0.37000                        -0.37880                        -0.38660                        -0.39632                        -0.40596                        -0.37300                        -0.39813                                -0.20345            
2017    -0.45851                -0.36525                        -0.36711                        -0.36810                        -0.37073                        -0.37359                        -0.37785                        -0.38644                        -0.40261                        -0.42429                        -0.44440                        -0.37540                        -0.36525                                -0.19860            
2018    -0.50521                -0.37303                        -0.37970                        -0.38582                        -0.39578                        -0.40121                        -0.40363                        -0.40433                        -0.40344                        -0.40357                        -0.39934                        -0.36072                        -0.37303                                -0.19924            
