year    psi^max [10^11 kg/s]    psi^max(800 hPa) [10^11 kg/s]   psi^max(775 hPa) [10^11 kg/s]   psi^max(750 hPa) [10^11 kg/s]   psi^max(700 hPa) [10^11 kg/s]   psi^max(650 hPa) [10^11 kg/s]   psi^max(600 hPa) [10^11 kg/s]   psi^max(550 hPa) [10^11 kg/s]   psi^max(500 hPa) [10^11 kg/s]   psi^max(450 hPa) [10^11 kg/s]   psi^max(400 hPa) [10^11 kg/s]   <psi^max>_p [10^11 kg/s]        psi(phi^max, p^max) [10^11 kg/s]        psi_NHC [10^11 kg/s]
1979    0.84362                 0.74871                         0.76390                         0.77299                         0.80053                         0.82176                         0.83636                         0.84362                         0.83982                         0.82783                         0.81054                         0.75235                         0.82822                                 0.36974             
1980    0.84454                 0.68431                         0.71434                         0.74202                         0.78604                         0.81182                         0.83037                         0.84330                         0.84454                         0.83874                         0.82907                         0.74016                         0.82757                                 0.38335             
1981    0.83069                 0.69034                         0.70784                         0.72240                         0.76496                         0.79624                         0.81728                         0.83037                         0.83069                         0.81975                         0.80330                         0.72126                         0.81185                                 0.37946             
1982    0.92175                 0.76739                         0.80074                         0.83123                         0.88065                         0.90946                         0.92175                         0.92155                         0.90554                         0.87845                         0.84964                         0.79962                         0.92175                                 0.39434             
1983    0.89618                 0.75420                         0.78563                         0.81336                         0.85625                         0.87960                         0.89077                         0.89618                         0.89310                         0.88577                         0.87797                         0.79647                         0.87979                                 0.37134             
1984    0.83824                 0.71882                         0.73352                         0.74854                         0.79416                         0.82058                         0.83361                         0.83824                         0.83317                         0.82720                         0.81975                         0.74919                         0.83361                                 0.36273             
1985    0.79551                 0.72064                         0.73547                         0.74491                         0.76294                         0.78371                         0.79360                         0.79551                         0.78668                         0.77083                         0.75014                         0.70916                         0.78599                                 0.35498             
1986    0.83644                 0.72237                         0.73542                         0.75475                         0.79029                         0.80813                         0.81685                         0.82470                         0.83088                         0.83549                         0.83644                         0.74826                         0.81685                                 0.37280             
1987    0.83723                 0.72853                         0.75641                         0.78046                         0.81450                         0.82955                         0.83492                         0.83723                         0.83433                         0.82581                         0.81084                         0.74390                         0.82883                                 0.37889             
1988    0.81307                 0.68571                         0.71033                         0.73888                         0.78158                         0.80273                         0.81014                         0.81307                         0.80780                         0.79536                         0.77281                         0.71256                         0.81014                                 0.36580             
1989    0.82623                 0.74334                         0.76387                         0.77792                         0.79244                         0.80567                         0.81866                         0.82623                         0.82564                         0.81647                         0.79792                         0.73515                         0.81003                                 0.38594             
1990    0.87871                 0.77610                         0.79847                         0.81385                         0.83954                         0.86302                         0.87540                         0.87871                         0.87121                         0.85376                         0.82378                         0.76111                         0.86202                                 0.40068             
1991    0.89918                 0.72493                         0.76031                         0.79257                         0.84393                         0.87419                         0.89081                         0.89918                         0.89306                         0.87118                         0.83884                         0.76739                         0.89081                                 0.39721             
1992    0.79833                 0.67174                         0.70057                         0.72876                         0.76930                         0.78894                         0.79749                         0.79833                         0.78754                         0.76850                         0.74561                         0.69682                         0.79749                                 0.36215             
1993    0.82555                 0.72100                         0.75129                         0.77696                         0.81243                         0.82555                         0.82527                         0.81727                         0.80084                         0.78336                         0.76856                         0.72324                         0.82004                                 0.35503             
1994    0.84963                 0.70326                         0.72720                         0.75476                         0.79976                         0.82739                         0.84289                         0.84963                         0.84362                         0.82577                         0.79933                         0.73710                         0.84289                                 0.37010             
1995    0.75182                 0.62038                         0.63941                         0.66032                         0.69502                         0.71665                         0.73313                         0.74771                         0.75182                         0.74636                         0.74309                         0.66768                         0.73313                                 0.33631             
1996    0.74294                 0.66503                         0.67270                         0.67623                         0.69247                         0.71512                         0.73200                         0.74294                         0.73995                         0.72527                         0.70832                         0.66043                         0.72735                                 0.33234             
1997    0.77128                 0.64533                         0.65130                         0.66783                         0.70484                         0.73197                         0.75238                         0.76742                         0.77128                         0.76585                         0.75796                         0.68114                         0.75093                                 0.33728             
1998    0.72205                 0.62172                         0.63412                         0.64483                         0.66503                         0.68017                         0.69506                         0.71358                         0.72205                         0.71419                         0.69173                         0.63009                         0.69477                                 0.30672             
1999    0.74846                 0.66733                         0.68342                         0.69327                         0.70841                         0.72839                         0.74041                         0.74846                         0.74459                         0.72781                         0.70335                         0.65408                         0.73822                                 0.33080             
2000    0.85152                 0.71267                         0.74837                         0.77980                         0.82608                         0.84715                         0.85152                         0.84591                         0.82670                         0.79889                         0.76975                         0.72277                         0.85152                                 0.36332             
2001    0.78273                 0.68273                         0.70174                         0.72909                         0.76778                         0.78273                         0.78161                         0.77102                         0.74868                         0.71847                         0.68953                         0.66290                         0.78161                                 0.34058             
2002    0.87259                 0.75702                         0.78464                         0.80915                         0.84659                         0.86629                         0.87259                         0.87094                         0.85811                         0.83440                         0.80740                         0.75296                         0.87259                                 0.37093             
2003    0.75997                 0.68456                         0.70406                         0.72347                         0.75110                         0.75997                         0.75661                         0.74790                         0.73445                         0.71584                         0.69688                         0.66686                         0.75661                                 0.33612             
2004    0.79617                 0.74021                         0.76081                         0.77722                         0.79617                         0.79531                         0.78437                         0.76700                         0.74677                         0.73244                         0.73116                         0.70561                         0.78437                                 0.36320             
2005    0.78537                 0.71988                         0.74440                         0.76347                         0.78537                         0.78395                         0.76869                         0.75021                         0.72876                         0.70977                         0.70264                         0.68040                         0.76869                                 0.34705             
2006    0.87009                 0.78551                         0.81557                         0.83952                         0.86798                         0.87009                         0.85516                         0.83433                         0.80981                         0.78372                         0.76341                         0.75017                         0.85516                                 0.37903             
2007    0.86829                 0.77526                         0.80342                         0.82673                         0.85826                         0.86829                         0.86020                         0.84148                         0.81761                         0.79187                         0.77281                         0.74843                         0.86020                                 0.36896             
2008    0.87973                 0.76982                         0.80085                         0.82674                         0.86324                         0.87973                         0.87720                         0.86128                         0.83831                         0.81712                         0.80851                         0.76579                         0.87720                                 0.38003             
2009    0.93838                 0.79943                         0.83432                         0.86491                         0.91112                         0.93383                         0.93838                         0.93120                         0.91791                         0.89875                         0.87832                         0.81776                         0.93838                                 0.40723             
2010    0.80345                 0.70627                         0.73241                         0.75506                         0.78829                         0.80345                         0.80150                         0.78976                         0.77453                         0.75806                         0.74482                         0.70647                         0.80150                                 0.36551             
2011    0.90153                 0.81228                         0.82632                         0.84298                         0.87882                         0.89741                         0.90153                         0.89565                         0.88161                         0.86287                         0.84534                         0.79953                         0.89906                                 0.39767             
2012    0.91968                 0.74087                         0.77661                         0.80976                         0.86407                         0.89622                         0.91120                         0.91968                         0.91857                         0.90925                         0.89995                         0.80431                         0.91005                                 0.39157             
2013    0.85611                 0.76855                         0.79675                         0.81869                         0.84670                         0.85611                         0.85417                         0.84342                         0.82731                         0.81162                         0.80627                         0.76261                         0.85417                                 0.37416             
2014    0.87676                 0.75619                         0.78907                         0.81676                         0.85752                         0.87600                         0.87676                         0.87043                         0.85944                         0.85088                         0.85308                         0.78632                         0.87676                                 0.39400             
2015    0.95480                 0.84192                         0.87518                         0.90226                         0.94112                         0.95480                         0.94733                         0.93085                         0.90918                         0.88744                         0.87458                         0.83400                         0.94733                                 0.40927             
2016    0.84819                 0.75361                         0.78209                         0.80559                         0.83759                         0.84819                         0.84293                         0.82530                         0.79971                         0.77391                         0.75673                         0.73334                         0.84293                                 0.36566             
2017    0.82708                 0.74271                         0.76891                         0.79006                         0.81865                         0.82708                         0.82008                         0.80833                         0.78993                         0.77112                         0.76059                         0.73521                         0.81967                                 0.36646             
2018    0.88373                 0.80717                         0.82573                         0.83677                         0.87059                         0.88373                         0.87939                         0.86535                         0.84323                         0.81713                         0.79440                         0.77061                         0.87599                                 0.38650             
