metric                  psi^max                 psi^max(800 hPa)        psi^max(750 hPa)        psi^max(700 hPa)        psi^max(650 hPa)        psi^max(600 hPa)        psi^max(550 hPa)        psi^max(500 hPa)        psi^max(450 hPa)        psi^max(400 hPa)        <psi^max>_p             psi(phi^max, p^max)     psi_NHC                 Phi^max(150 hPa)        Phi^max(200 hPa)        Phi^max(250 hPa)        -omega^min(400 hPa)     -omega^min(500 hPa)     -omega^min(600 hPa)     -omega^min              -v_E^NHC(1000-850 hPa)  I_M(all m)              
-psi^min                1.                      0.849                   0.909                   0.950                   0.980                   0.995                   0.982                   0.944                   0.905                   0.883                   0.976                   0.994                   0.919                   0.223                   0.432                   0.405                   0.400                   0.586                   0.618                   0.441                   0.579                   0.087                   
-psi^min(800 hPa)       0.947                   1.                      0.970                   0.932                   0.903                   0.855                   0.773                   0.686                   0.628                   0.620                   0.851                   0.850                   0.801                   -0.067                  0.596                   0.558                   0.181                   0.441                   0.664                   0.530                   0.558                   0.360                   
-psi^min(750 hPa)       0.994                   0.973                   1.                      0.987                   0.964                   0.917                   0.836                   0.746                   0.683                   0.670                   0.888                   0.918                   0.842                   -0.058                  0.577                   0.567                   0.193                   0.462                   0.673                   0.531                   0.616                   0.314                   
-psi^min(700 hPa)       0.994                   0.912                   0.980                   1.                      0.991                   0.958                   0.890                   0.809                   0.748                   0.733                   0.922                   0.961                   0.870                   0.006                   0.545                   0.540                   0.249                   0.500                   0.673                   0.523                   0.621                   0.231                   
-psi^min(650 hPa)       0.969                   0.849                   0.941                   0.989                   1.                      0.987                   0.940                   0.873                   0.818                   0.797                   0.950                   0.989                   0.897                   0.099                   0.499                   0.490                   0.315                   0.538                   0.657                   0.497                   0.608                   0.165                   
-psi^min(600 hPa)       0.941                   0.801                   0.905                   0.967                   0.994                   1.                      0.982                   0.938                   0.892                   0.866                   0.970                   0.998                   0.917                   0.221                   0.425                   0.404                   0.391                   0.574                   0.616                   0.444                   0.589                   0.088                   
-psi^min(550 hPa)       0.909                   0.756                   0.866                   0.940                   0.978                   0.995                   1.                      0.986                   0.956                   0.926                   0.967                   0.976                   0.913                   0.355                   0.329                   0.291                   0.468                   0.604                   0.553                   0.367                   0.554                   0.001                   
-psi^min(500 hPa)       0.872                   0.706                   0.823                   0.906                   0.952                   0.977                   0.993                   1.                      0.990                   0.963                   0.944                   0.929                   0.889                   0.457                   0.253                   0.196                   0.522                   0.619                   0.490                   0.293                   0.508                   -0.070                  
-psi^min(450 hPa)       0.828                   0.652                   0.775                   0.865                   0.917                   0.946                   0.970                   0.991                   1.                      0.987                   0.926                   0.881                   0.867                   0.510                   0.226                   0.152                   0.549                   0.620                   0.450                   0.247                   0.469                   -0.109                  
-psi^min(400 hPa)       0.802                   0.629                   0.751                   0.839                   0.890                   0.917                   0.941                   0.967                   0.990                   1.                      0.929                   0.856                   0.852                   0.479                   0.283                   0.201                   0.543                   0.614                   0.469                   0.261                   0.439                   -0.105                  
-<psi^min>_p            0.956                   0.865                   0.934                   0.966                   0.972                   0.966                   0.957                   0.947                   0.932                   0.927                   1.                      0.965                   0.920                   0.272                   0.475                   0.398                   0.418                   0.587                   0.616                   0.423                   0.548                   0.092                   
-psi(phi^min, p^min)    0.986                   0.899                   0.972                   0.994                   0.986                   0.966                   0.939                   0.903                   0.860                   0.831                   0.954                   1.                      0.910                   0.196                   0.443                   0.425                   0.384                   0.572                   0.628                   0.461                   0.589                   0.085                   
-psi_SHC                0.864                   0.822                   0.870                   0.868                   0.840                   0.806                   0.766                   0.725                   0.688                   0.688                   0.835                   0.868                   1.                      0.336                   0.419                   0.338                   0.520                   0.645                   0.636                   0.544                   0.501                   0.017                   
Phi^max(150 hPa)        0.385                   0.175                   0.327                   0.443                   0.503                   0.521                   0.539                   0.584                   0.646                   0.672                   0.529                   0.426                   0.373                   1.                      -0.428                  -0.632                  0.587                   0.328                   -0.165                  -0.184                  0.127                   -0.392                  
Phi^max(200 hPa)        0.209                   0.388                   0.281                   0.162                   0.072                   0.013                   -0.046                  -0.112                  -0.163                  -0.133                  0.112                   0.166                   0.401                   -0.428                  1.                      0.867                   0.058                   0.350                   0.750                   0.657                   0.139                   0.345                   
Phi^max(250 hPa)        -0.003                  0.174                   0.067                   -0.039                  -0.112                  -0.157                  -0.209                  -0.279                  -0.340                  -0.316                  -0.113                  -0.025                  0.241                   -0.632                  0.867                   1.                      -0.021                  0.292                   0.736                   0.676                   0.093                   0.370                   
-omega^min(400 hPa)     0.317                   0.169                   0.298                   0.363                   0.373                   0.355                   0.334                   0.327                   0.342                   0.356                   0.324                   0.375                   0.527                   0.587                   0.058                   -0.021                  1.                      0.888                   0.513                   0.519                   0.140                   -0.347                  
-omega^min(500 hPa)     0.377                   0.320                   0.389                   0.396                   0.364                   0.321                   0.275                   0.238                   0.222                   0.231                   0.315                   0.401                   0.612                   0.328                   0.350                   0.292                   0.888                   1.                      0.792                   0.694                   0.317                   -0.040                  
-omega^min(600 hPa)     0.281                   0.375                   0.339                   0.259                   0.179                   0.117                   0.053                   -0.011                  -0.056                  -0.039                  0.156                   0.275                   0.553                   -0.165                  0.750                   0.736                   0.513                   0.792                   1.                      0.886                   0.269                   0.273                   
-omega^min              0.181                   0.254                   0.230                   0.165                   0.097                   0.043                   -0.014                  -0.074                  -0.117                  -0.105                  0.053                   0.198                   0.461                   -0.184                  0.657                   0.676                   0.519                   0.694                   0.886                   1.                      0.136                   0.127                   
v_E^SHC(1000-850 hPa)   0.291                   0.406                   0.352                   0.257                   0.174                   0.115                   0.058                   -0.010                  -0.073                  -0.082                  0.123                   0.291                   0.516                   -0.354                  0.637                   0.671                   0.255                   0.440                   0.760                   0.840                   1.                      0.139                   
I_M(all m)              0.113                   0.268                   0.162                   0.059                   -0.017                  -0.063                  -0.099                  -0.134                  -0.163                  -0.152                  0.012                   0.041                   0.133                   -0.392                  0.345                   0.370                   -0.347                  -0.040                  0.273                   0.127                   0.329                   1.                      
