year    psi^min     psi^min(800 hPa)        psi^min(775 hPa)        psi^min(750 hPa)        psi^min(700 hPa)        psi^min(650 hPa)        psi^min(600 hPa)        psi^min(550 hPa)        psi^min(500 hPa)        psi^min(450 hPa)        psi^min(400 hPa)        <psi^min>_p             psi(phi^min, p^min)     psi_SHC         Phi^max(150 hPa)        Phi^max(200 hPa)        Phi^max(250 hPa)        omega^min(400 hPa)      omega^min(500 hPa)      omega^min(600 hPa)      omega^min       v_E^SHC(1000-850 hPa)   I_M (all m)             I_M^MRG (all m)         I_M (m >= 7)            I_M (m >= 9)    
1979    1.03133     1.04121                 1.03793                 1.03460                 1.02438                 1.00730                 0.98587                 0.96483                 0.94543                 0.92824                 0.91689                 0.98502                 0.99966                 0.98464         1.05096                 1.01420                 0.84834                 1.04122                 1.03087                 1.02735                 0.94338         1.01529                 1.01758                 1.01364                 0.97471                 0.97881         
1980    1.01533     1.03413                 1.02753                 1.01856                 0.99816                 0.98154                 0.96814                 0.96094                 0.95541                 0.94581                 0.92551                 0.97949                 1.00529                 1.01852         1.25003                 1.01327                 0.83964                 1.09311                 1.09940                 1.01533                 0.89948         1.00955                 0.96732                 0.97128                 0.97970                 0.95539         
1981    0.99286     1.01748                 1.00684                 0.99602                 0.98097                 0.97575                 0.97436                 0.96713                 0.95212                 0.93985                 0.93117                 0.97793                 0.98552                 0.97827         1.11509                 1.06081                 0.90956                 1.01859                 1.00272                 0.98596                 0.92000         1.00295                 0.95235                 0.95307                 0.97162                 0.94984         
1982    1.01993     1.03133                 1.02824                 1.02317                 1.00674                 0.98856                 0.97263                 0.96149                 0.94917                 0.93748                 0.92222                 0.98396                 1.01311                 1.01236         1.08677                 1.12776                 0.83581                 0.88549                 0.97178                 0.95506                 0.89916         1.01164                 1.01855                 1.01760                 0.98788                 0.98236         
1983    1.01878     1.04488                 1.03267                 1.02202                 1.00980                 1.00598                 1.00424                 1.00222                 0.99702                 0.98968                 0.97308                 1.01063                 0.99973                 0.94602         0.87924                 0.95066                 0.72329                 0.68641                 0.69570                 0.70688                 0.68707         0.86117                 1.05658                 1.05659                 1.04040                 1.01597         
1984    0.91009     0.92261                 0.91572                 0.91299                 0.91144                 0.91227                 0.91294                 0.91399                 0.91196                 0.90673                 0.89440                 0.91002                 0.89974                 0.87561         1.02040                 0.82990                 0.70696                 0.78082                 0.81171                 0.78062                 0.80463         0.88808                 0.95642                 0.96102                 0.94591                 0.92926         
1985    0.92761     0.93116                 0.92912                 0.93010                 0.93211                 0.92984                 0.92751                 0.92112                 0.91281                 0.90402                 0.89335                 0.92008                 0.92967                 0.92099         1.03732                 0.95992                 0.72268                 0.81604                 0.80806                 0.84205                 0.81709         0.92654                 1.01475                 1.01481                 0.96126                 0.96377         
1986    0.98220     0.98722                 0.98693                 0.98532                 0.97994                 0.97489                 0.97154                 0.96481                 0.95692                 0.94991                 0.94194                 0.97117                 0.98694                 0.96788         1.12554                 0.93766                 0.79094                 0.88157                 0.93858                 0.93492                 0.88763         0.94934                 0.93629                 0.93675                 0.93399                 0.93799         
1987    1.05760     1.04862                 1.05290                 1.05720                 1.06274                 1.06096                 1.05787                 1.04818                 1.03699                 1.02826                 1.01675                 1.04210                 1.06440                 1.00728         1.00188                 1.06794                 0.85434                 0.91164                 1.02362                 1.02653                 0.94933         0.95139                 1.01173                 1.00875                 1.01364                 1.00191         
1988    0.96445     0.97180                 0.96606                 0.96284                 0.96914                 0.97877                 0.98627                 0.99028                 0.99255                 0.99468                 0.98957                 0.98267                 0.96037                 0.97485         1.07216                 0.91645                 0.75209                 0.77462                 0.79896                 0.77518                 0.97530         0.97609                 0.98819                 0.98893                 1.00767                 1.01405         
1989    0.85065     0.86888                 0.85991                 0.85335                 0.84249                 0.83574                 0.83433                 0.83559                 0.83816                 0.84210                 0.84282                 0.85390                 0.84255                 0.88122         0.92315                 0.87425                 0.83813                 0.92528                 0.93750                 0.88768                 0.85446         0.91749                 1.09258                 1.08497                 1.07416                 1.04905         
1990    1.01418     1.01598                 1.01723                 1.01741                 1.01439                 1.01131                 1.01043                 1.00995                 1.01015                 1.01259                 1.01600                 1.01635                 1.01894                 1.02340         1.09415                 1.00969                 0.95410                 0.97630                 1.00297                 1.01416                 0.92113         1.00936                 1.00363                 1.00284                 1.00868                 1.02358         
1991    0.94470     0.92939                 0.93526                 0.94133                 0.94929                 0.94941                 0.94744                 0.94844                 0.95680                 0.96103                 0.95079                 0.94249                 0.94712                 0.95747         1.04501                 1.04092                 0.86966                 1.05978                 1.10668                 1.07677                 0.98864         0.91296                 0.92817                 0.93261                 0.93961                 0.92279         
1992    0.95167     0.95819                 0.95512                 0.95410                 0.95629                 0.96104                 0.96544                 0.97002                 0.97609                 0.97940                 0.97705                 0.97529                 0.95909                 0.92059         0.99151                 0.91167                 0.74814                 0.74623                 0.74978                 0.74174                 0.72228         0.86638                 0.92039                 0.92135                 0.92339                 0.91936         
1993    0.98875     0.96580                 0.97026                 0.98028                 0.99355                 1.00128                 1.00810                 1.01966                 1.02980                 1.03851                 1.04330                 1.00815                 1.00003                 0.99292         1.00482                 0.99478                 0.89032                 1.03557                 1.08195                 1.05130                 0.88716         0.92886                 1.06659                 1.05839                 1.00204                 1.00249         
1994    1.01437     0.96905                 0.98319                 0.99719                 1.01930                 1.03126                 1.03825                 1.04882                 1.05482                 1.05918                 1.06252                 1.02916                 1.01442                 1.01561         1.01775                 1.05492                 0.91601                 0.99368                 1.01030                 0.99739                 0.89181         0.95893                 0.98263                 0.98098                 1.01502                 1.00629         
1995    0.94798     0.94849                 0.94789                 0.94846                 0.95258                 0.96058                 0.97268                 0.98760                 1.00029                 1.00980                 1.01690                 0.98369                 0.95817                 0.94879         0.96926                 0.92686                 0.91905                 0.99996                 0.97663                 0.96883                 0.94328         0.94924                 0.94873                 0.94606                 0.97312                 0.96210         
1996    0.89048     0.90622                 0.89954                 0.89331                 0.88569                 0.88465                 0.88632                 0.88940                 0.89489                 0.90651                 0.92768                 0.91235                 0.89202                 0.93693         1.02376                 0.95590                 1.00105                 1.04416                 0.96722                 0.98578                 0.97465         0.96066                 0.92350                 0.92194                 0.93165                 0.91271         
1997    1.08687     1.08745                 1.08944                 1.09033                 1.08766                 1.08181                 1.07172                 1.06070                 1.05339                 1.05335                 1.06723                 1.07928                 1.06198                 1.09147         1.19464                 1.25394                 1.23405                 1.16283                 1.19574                 1.20048                 1.12136         1.02408                 1.00000                 0.99855                 0.97478                 0.96864         
1998    1.09142     1.11152                 1.10135                 1.09489                 1.09391                 1.09865                 1.10427                 1.10948                 1.11389                 1.11458                 1.11215                 1.10587                 1.07661                 1.02048         0.80844                 0.87693                 0.98654                 0.74549                 0.81991                 0.73184                 0.83327         0.92264                 1.12372                 1.11440                 1.11616                 1.10768         
1999    0.97547     0.96524                 0.97388                 0.97857                 0.97981                 0.97728                 0.97632                 0.97584                 0.97837                 0.98957                 1.00265                 0.96895                 0.98329                 1.00777         0.98815                 0.88090                 1.09620                 1.02052                 0.98639                 1.05780                 1.12701         1.05978                 1.08205                 1.07616                 1.03776                 1.03896         
2000    0.87801     0.88066                 0.88128                 0.88080                 0.88024                 0.88161                 0.88409                 0.89262                 0.90788                 0.92662                 0.94853                 0.89688                 0.88400                 0.93703         0.96472                 0.88560                 1.06735                 1.07090                 0.99969                 1.09169                 1.11118         0.98903                 0.97482                 0.97437                 0.98906                 1.00832         
2001    0.97112     0.98631                 0.98021                 0.97421                 0.96301                 0.95923                 0.95844                 0.95508                 0.95489                 0.96172                 0.97421                 0.97225                 0.96913                 0.97349         0.98232                 0.89646                 1.04659                 1.09399                 1.03520                 1.09610                 1.09884         1.05344                 1.00532                 1.00483                 0.98765                 0.99370         
2002    1.13072     1.08647                 1.10044                 1.11445                 1.13621                 1.14729                 1.15367                 1.15681                 1.15797                 1.15739                 1.15801                 1.12446                 1.13602                 1.11114         1.04610                 1.11781                 1.22107                 1.22347                 1.24421                 1.30401                 1.26081         1.05617                 0.91378                 0.92249                 0.98436                 0.99840         
2003    1.06462     1.04971                 1.05720                 1.06256                 1.06979                 1.07625                 1.08304                 1.08690                 1.08982                 1.09134                 1.09538                 1.07323                 1.07050                 1.08091         1.11273                 1.15817                 1.23068                 1.19820                 1.15692                 1.20850                 1.16284         1.06481                 0.97199                 0.97058                 0.97416                 0.98013         
2004    1.01573     1.02450                 1.02106                 1.01896                 1.01509                 1.01825                 1.02353                 1.02692                 1.03167                 1.03573                 1.03746                 1.02578                 1.02235                 1.02501         0.95578                 1.05217                 1.14533                 1.06732                 1.05535                 1.04243                 1.08211         1.06193                 1.02740                 1.02879                 1.00814                 1.02115         
2005    1.04094     1.04357                 1.04515                 1.04425                 1.04012                 1.03915                 1.04366                 1.05123                 1.05663                 1.05580                 1.06147                 1.04560                 1.04067                 1.03807         0.89455                 1.11241                 1.18337                 1.09184                 1.06958                 1.07972                 1.14539         1.06329                 0.94760                 0.95772                 0.96535                 0.96214         
2006    1.04861     1.05783                 1.05678                 1.05195                 1.03709                 1.02622                 1.02433                 1.02990                 1.03528                 1.03703                 1.03792                 1.03630                 1.04313                 1.07523         0.96957                 1.06497                 1.16403                 1.12307                 1.15553                 1.18414                 1.19099         1.08932                 1.04541                 1.04081                 1.03366                 1.05073         
2007    0.98856     0.99606                 0.99406                 0.99170                 0.98797                 0.98553                 0.98312                 0.98101                 0.97891                 0.97502                 0.97785                 0.98376                 0.98885                 1.00731         0.88633                 0.89014                 1.09758                 0.96795                 0.93025                 0.90894                 1.03434         1.03635                 0.96628                 0.96670                 1.04542                 1.05626         
2008    1.00918     1.00820                 1.00942                 1.00920                 1.01409                 1.01600                 1.02047                 1.02304                 1.01874                 1.01179                 1.01633                 1.01036                 1.01977                 1.04374         0.89497                 1.01533                 1.25517                 1.09545                 1.15461                 1.15201                 1.19316         1.04663                 1.04127                 1.04093                 1.02275                 1.02057         
2009    0.95933     0.96356                 0.96299                 0.96238                 0.95881                 0.95391                 0.94668                 0.94154                 0.93975                 0.94065                 0.94827                 0.96073                 0.96567                 0.94853         1.07011                 1.00919                 1.06105                 1.05503                 1.02337                 1.01581                 1.05080         0.96964                 0.91246                 0.91658                 0.96368                 0.96707         
2010    1.04778     1.03691                 1.04226                 1.04732                 1.05287                 1.05649                 1.05922                 1.06112                 1.05929                 1.05136                 1.04671                 1.04809                 1.06040                 1.07407         0.87209                 1.02946                 1.09604                 1.05217                 0.97922                 0.97417                 1.14340         1.12212                 1.01426                 1.01415                 1.02178                 1.03610         
2011    1.03570     1.04159                 1.04230                 1.03900                 1.02673                 1.01272                 1.00116                 0.99666                 1.00245                 1.01061                 1.01928                 1.01644                 1.02376                 1.05213         1.02257                 1.05641                 1.18823                 1.11634                 1.10010                 1.13295                 1.21668         1.11709                 0.99759                 1.00133                 1.02636                 1.04549         
2012    0.95540     0.95751                 0.95556                 0.95662                 0.96004                 0.96536                 0.97177                 0.97747                 0.98528                 0.99314                 1.00774                 0.97983                 0.96346                 0.98446         0.80720                 0.94349                 1.19335                 0.95869                 0.95465                 0.98692                 1.07473         1.00076                 0.94910                 0.95296                 0.97336                 0.99179         
2013    0.99675     1.00258                 0.99981                 0.99681                 1.00159                 1.01127                 1.01933                 1.02306                 1.02602                 1.02831                 1.02850                 1.01479                 1.00055                 1.00276         0.98962                 0.96373                 1.06274                 0.90342                 0.85690                 0.92319                 1.04192         1.02521                 0.99800                 1.00554                 0.98098                 0.99796         
2014    1.07323     1.05813                 1.06466                 1.07006                 1.07844                 1.08695                 1.09165                 1.08922                 1.08177                 1.07177                 1.05927                 1.05920                 1.08507                 1.07006         1.00521                 1.04398                 1.13593                 1.25955                 1.21383                 1.18298                 1.18570         1.08642                 1.00729                 1.01202                 0.99979                 1.01390         
2015    1.07929     1.06936                 1.07342                 1.07774                 1.08453                 1.08572                 1.07985                 1.07395                 1.06746                 1.06070                 1.06136                 1.07196                 1.08330                 1.08110         1.10264                 1.09933                 1.17984                 1.12021                 1.23169                 1.18926                 1.10514         1.05958                 1.10846                 1.10265                 1.08122                 1.08033         
2016    0.96921     0.95136                 0.95591                 0.96053                 0.97391                 0.98697                 0.99499                 0.99933                 1.00736                 1.01988                 1.02924                 0.99288                 0.98088                 0.95434         0.88402                 0.91013                 1.02854                 0.92792                 0.83059                 0.80308                 0.83637         0.95287                 1.07093                 1.06760                 1.03587                 1.03186         
2017    1.05373     1.04915                 1.05088                 1.05152                 1.05885                 1.06635                 1.06887                 1.06871                 1.07030                 1.06970                 1.06171                 1.05503                 1.06642                 1.02175         0.86898                 1.04878                 1.04506                 0.93469                 0.89757                 0.88320                 0.97542         1.04238                 1.02494                 1.02366                 1.05495                 1.05917         
2018    1.00539     0.97992                 0.98958                 0.99790                 1.01027                 1.01584                 1.01547                 1.01497                 1.01149                 1.01017                 1.00678                 0.99388                 0.99742                 1.03581         0.97042                 1.04308                 1.16114                 1.14048                 1.09424                 1.07729                 1.04204         1.06056                 1.03134                 1.03561                 1.03832                 1.04195         
