year    psi^max     psi^max(800 hPa)        psi^max(775 hPa)        psi^max(750 hPa)        psi^max(700 hPa)        psi^max(650 hPa)        psi^max(600 hPa)        psi^max(550 hPa)        psi^max(500 hPa)        psi^max(450 hPa)        psi^max(400 hPa)        <psi^max>_p             psi(phi^max, p^max)     psi_NHC         Phi^max(150 hPa)        Phi^max(200 hPa)        Phi^max(250 hPa)        omega^min(400 hPa)      omega^min(500 hPa)      omega^min(600 hPa)      omega^min       v_E^NHC(1000-850 hPa)   I_M (all m)             I_M^MRG (all m)         I_M (m >= 7)            I_M (m >= 9)    
1979    1.00587     1.02782                 1.01523                 0.99886                 0.99038                 0.99454                 1.00553                 1.01631                 1.02452                 1.03004                 1.02942                 1.02384                 0.99827                 1.00233         1.14079                 0.97292                 0.92117                 1.07438                 1.01545                 0.95800                 0.96176         0.93652                 1.00105                 0.99747                 0.98943                 0.98836         
1980    1.00698     0.93942                 0.94937                 0.95884                 0.97245                 0.98251                 0.99832                 1.01592                 1.03028                 1.04363                 1.05295                 1.00725                 0.99749                 1.03921         1.23017                 0.79590                 0.74752                 1.15496                 1.06731                 0.97771                 0.98202         0.90695                 0.92053                 0.92584                 0.96931                 0.95717         
1981    0.99046     0.94769                 0.94073                 0.93349                 0.94638                 0.96365                 0.98259                 1.00035                 1.01338                 1.01999                 1.02022                 0.98154                 0.97854                 1.02867         1.23575                 0.86822                 0.80958                 1.11421                 1.01828                 0.92878                 1.01586         0.89488                 0.89744                 0.89928                 0.95228                 0.94126         
1982    1.09903     1.05346                 1.06419                 1.07411                 1.08951                 1.10067                 1.10819                 1.11019                 1.10470                 1.09303                 1.07907                 1.08816                 1.11101                 1.06902         1.38882                 0.93573                 0.76675                 1.13887                 1.07601                 1.03264                 1.06055         1.05441                 0.98438                 0.98293                 0.98987                 0.97726         
1983    1.06854     1.03536                 1.04411                 1.05102                 1.05932                 1.06453                 1.07095                 1.07962                 1.08952                 1.10214                 1.11506                 1.08388                 1.06043                 1.00667         1.17004                 0.85882                 0.76961                 0.81967                 0.86616                 0.79827                 0.68946         1.04325                 1.01501                 1.01188                 1.00653                 0.99862         
1984    0.99947     0.98678                 0.97486                 0.96726                 0.98251                 0.99311                 1.00223                 1.00983                 1.01641                 1.02927                 1.04111                 1.01954                 1.00478                 0.98334         1.22571                 0.77951                 0.65035                 1.01991                 0.93403                 0.82512                 0.86340         1.02214                 0.91423                 0.91781                 0.92859                 0.92439         
1985    0.94852     0.98928                 0.97745                 0.96257                 0.94388                 0.94849                 0.95412                 0.95836                 0.95970                 0.95912                 0.95270                 0.96507                 0.94737                 0.96233         1.11683                 0.90767                 0.68401                 0.98574                 0.92886                 0.84587                 0.90243         0.96589                 1.00269                 1.00230                 0.96244                 0.95655         
1986    0.99732     0.99166                 0.97738                 0.97529                 0.97772                 0.97804                 0.98207                 0.99352                 1.01362                 1.03957                 1.06231                 1.01828                 0.98457                 1.01062         1.23649                 0.88098                 0.84954                 1.12049                 1.06607                 0.96160                 0.96437         1.01121                 0.92808                 0.92979                 0.94088                 0.93200         
1987    0.99826     1.00012                 1.00528                 1.00852                 1.00766                 1.00397                 1.00380                 1.00861                 1.01783                 1.02753                 1.02980                 1.01235                 0.99902                 1.02713         1.15850                 0.94549                 0.87555                 1.18281                 1.16903                 1.06219                 1.02319         1.05723                 0.98167                 0.98031                 0.97950                 0.97274         
1988    0.96945     0.94133                 0.94403                 0.95478                 0.96694                 0.97150                 0.97401                 0.97951                 0.98546                 0.98965                 0.98150                 0.96969                 0.97648                 0.99164         1.20034                 0.85504                 0.77780                 0.93007                 0.88766                 0.80029                 0.93968         1.00144                 0.97513                 0.97868                 1.02303                 1.02026         
1989    0.98514     1.02044                 1.01519                 1.00524                 0.98038                 0.97507                 0.98425                 0.99536                 1.00722                 1.01591                 1.01338                 1.00043                 0.97635                 1.04625         1.20189                 0.75622                 0.62624                 1.00318                 0.97296                 0.89179                 0.94820         1.06034                 1.06154                 1.05306                 1.03676                 1.05383         
1990    1.04772     1.06542                 1.06117                 1.05167                 1.03864                 1.04447                 1.05247                 1.05858                 1.06281                 1.06230                 1.04623                 1.03577                 1.03901                 1.08620         1.18581                 0.89511                 0.91308                 1.07691                 1.05798                 0.99709                 1.00089         1.06134                 1.00596                 1.00449                 1.04644                 1.04832         
1991    1.07212     0.99518                 1.01046                 1.02417                 1.04407                 1.05799                 1.07099                 1.08324                 1.08947                 1.08398                 1.06536                 1.04431                 1.07371                 1.07680         1.27824                 0.91541                 0.81363                 1.19007                 1.21708                 1.12230                 1.08188         1.06175                 0.93163                 0.93605                 0.95090                 0.94281         
1992    0.95187     0.92216                 0.93107                 0.94171                 0.95175                 0.95482                 0.95880                 0.96174                 0.96074                 0.95622                 0.94695                 0.94828                 0.96124                 0.98174         1.10219                 0.87791                 0.76187                 0.82839                 0.81191                 0.78562                 0.82272         1.03810                 0.92170                 0.92169                 0.94735                 0.95528         
1993    0.98433     0.98978                 0.99848                 1.00399                 1.00510                 0.99912                 0.99220                 0.98457                 0.97697                 0.97472                 0.97610                 0.98423                 0.98841                 0.96245         1.05961                 0.95538                 0.95878                 1.05544                 1.07537                 1.03413                 0.99009         1.03243                 1.06999                 1.06144                 1.00614                 1.01625         
1994    1.01304     0.96543                 0.96646                 0.97530                 0.98943                 1.00135                 1.01338                 1.02355                 1.02916                 1.02749                 1.01518                 1.00308                 1.01596                 1.00331         1.10598                 1.03820                 0.93109                 1.08147                 1.02303                 0.97009                 1.00398         0.99443                 0.97994                 0.97845                 1.02023                 1.03450         
1995    0.89642     0.85165                 0.84978                 0.85327                 0.85984                 0.86733                 0.88142                 0.90077                 0.91717                 0.92868                 0.94376                 0.90862                 0.88365                 0.91170         0.99017                 0.87882                 0.90128                 1.00175                 0.92084                 0.85866                 0.93823         0.91996                 0.92702                 0.92394                 0.95534                 0.95072         
1996    0.88583     0.91294                 0.89403                 0.87382                 0.85670                 0.86548                 0.88006                 0.89502                 0.90269                 0.90244                 0.89959                 0.89875                 0.87670                 0.90093         0.98821                 0.92056                 0.94694                 0.99882                 0.95706                 0.90785                 0.98679         0.94322                 0.90743                 0.90715                 0.91151                 0.90899         
1997    0.91963     0.88590                 0.86559                 0.86298                 0.87200                 0.88586                 0.90456                 0.92451                 0.94091                 0.95293                 0.96263                 0.92694                 0.90512                 0.91434         1.06154                 1.09967                 0.90433                 1.08737                 1.06529                 1.02335                 0.97810         0.99347                 0.97097                 0.97052                 0.94890                 0.93696         
1998    0.86093     0.85348                 0.84275                 0.83325                 0.82274                 0.82317                 0.83565                 0.85964                 0.88085                 0.88865                 0.87852                 0.85747                 0.83742                 0.83148         0.75510                 0.73273                 0.70053                 0.73547                 0.80837                 0.69312                 0.69860         0.95951                 1.11136                 1.10142                 1.06983                 1.07201         
1999    0.89241     0.91610                 0.90827                 0.89584                 0.87642                 0.88153                 0.89018                 0.90167                 0.90835                 0.90560                 0.89328                 0.89011                 0.88980                 0.89676         0.98053                 0.77394                 0.88200                 0.93856                 0.92920                 0.89558                 0.89663         0.89733                 1.07535                 1.07001                 1.02456                 1.02424         
2000    1.01530     0.97834                 0.99460                 1.00766                 1.02199                 1.02527                 1.02376                 1.01907                 1.00852                 0.99404                 0.97761                 0.98359                 1.02636                 0.98494         0.92195                 0.65703                 0.85336                 0.99079                 0.99183                 0.94821                 1.02209         1.04377                 0.96321                 0.96192                 0.97263                 0.97762         
2001    0.93327     0.93724                 0.93262                 0.94213                 0.94987                 0.94730                 0.93971                 0.92885                 0.91334                 0.89397                 0.87573                 0.90211                 0.94210                 0.92327         0.84018                 0.66759                 0.89781                 0.96189                 0.95393                 0.96322                 0.99194         0.99410                 0.99983                 0.99970                 0.98561                 0.99583         
2002    1.04042     1.03923                 1.04280                 1.04559                 1.04737                 1.04843                 1.04909                 1.04922                 1.04683                 1.03822                 1.02543                 1.02467                 1.05176                 1.00555         0.84675                 1.06337                 1.04928                 1.02548                 1.04200                 1.04865                 0.99214         1.03664                 0.92150                 0.92856                 0.97483                 0.96804         
2003    0.90614     0.93975                 0.93571                 0.93487                 0.92923                 0.91975                 0.90965                 0.90099                 0.89597                 0.89069                 0.88506                 0.90750                 0.91196                 0.91119         0.80738                 1.02858                 1.03846                 0.96853                 0.94340                 1.00279                 0.96229         0.97549                 0.97821                 0.97471                 0.96765                 0.97083         
2004    0.94930     1.01615                 1.01113                 1.00433                 0.98499                 0.96253                 0.94303                 0.92401                 0.91100                 0.91136                 0.92860                 0.96024                 0.94542                 0.98459         0.73327                 1.17475                 1.11116                 0.91463                 0.92591                 0.98521                 1.02450         1.02389                 1.02526                 1.02929                 0.99670                 0.99232         
2005    0.93642     0.98824                 0.98932                 0.98656                 0.97163                 0.94878                 0.92417                 0.90377                 0.88904                 0.88315                 0.89238                 0.92593                 0.92652                 0.94083         0.66495                 1.18559                 1.26984                 0.88265                 0.92402                 1.02586                 1.13459         0.95878                 0.97097                 0.97945                 0.92785                 0.93227         
2006    1.03744     1.07834                 1.08390                 1.08483                 1.07383                 1.05303                 1.02813                 1.00512                 0.98791                 0.97517                 0.96955                 1.02088                 1.03074                 1.02750         0.77359                 1.12444                 1.16965                 0.99448                 1.04981                 1.12669                 1.16059         1.03922                 1.07008                 1.06858                 1.04734                 1.04373         
2007    1.03530     1.06426                 1.06776                 1.06831                 1.06180                 1.05085                 1.03419                 1.01373                 0.99742                 0.98530                 0.98149                 1.01851                 1.03682                 1.00021         0.77765                 1.07397                 1.24506                 0.87179                 0.88493                 0.91959                 0.98540         1.02689                 0.98112                 0.98441                 1.04626                 1.05571         
2008    1.04893     1.05680                 1.06433                 1.06832                 1.06797                 1.06469                 1.05464                 1.03759                 1.02268                 1.01673                 1.02684                 1.04212                 1.05731                 1.03023         0.79767                 1.19146                 1.43971                 0.99223                 1.03703                 1.09511                 1.09939         1.05598                 1.07162                 1.07180                 1.03614                 1.03962         
2009    1.11887     1.09744                 1.10883                 1.11764                 1.12720                 1.13017                 1.12819                 1.12181                 1.11979                 1.11829                 1.11550                 1.11286                 1.13106                 1.10397         0.91856                 1.19663                 1.20610                 1.02487                 1.08636                 1.11859                 1.02729         1.03467                 0.92965                 0.93452                 0.95792                 0.95265         
2010    0.95798     0.96955                 0.97339                 0.97569                 0.97524                 0.97238                 0.96362                 0.95143                 0.94487                 0.94323                 0.94595                 0.96141                 0.96607                 0.99087         0.85479                 1.25381                 1.25801                 0.94464                 0.98305                 1.06569                 1.10324         0.89157                 1.05187                 1.05103                 1.05157                 1.05622         
2011    1.07493     1.11509                 1.09819                 1.08931                 1.08724                 1.08609                 1.08389                 1.07899                 1.07550                 1.07365                 1.07361                 1.08804                 1.08366                 1.07806         0.97296                 1.31851                 1.40273                 1.09177                 1.14383                 1.25873                 1.22854         1.01037                 1.03437                 1.03684                 1.06723                 1.07083         
2012    1.09657     1.01706                 1.03212                 1.04638                 1.06899                 1.08465                 1.09551                 1.10794                 1.12059                 1.13135                 1.14297                 1.09455                 1.09690                 1.06152         0.91785                 1.15455                 1.41985                 1.06785                 1.08322                 1.13986                 1.03467         0.98924                 0.97824                 0.98144                 1.03073                 1.03235         
2013    1.02077     1.05505                 1.05889                 1.05791                 1.04750                 1.03611                 1.02694                 1.01607                 1.00927                 1.00987                 1.02399                 1.03781                 1.02955                 1.01431         0.89848                 1.13573                 1.22190                 0.92734                 0.93058                 1.03590                 1.01908         1.00661                 1.02306                 1.02585                 1.02011                 1.01276         
2014    1.04539     1.03808                 1.04869                 1.05542                 1.06089                 1.06019                 1.05410                 1.04861                 1.04845                 1.05873                 1.08344                 1.07008                 1.05678                 1.06809         0.90624                 1.27196                 1.40052                 1.12980                 1.18658                 1.33584                 1.26012         1.01027                 1.03431                 1.04069                 1.02496                 1.02868         
2015    1.13844     1.15578                 1.16313                 1.16591                 1.16432                 1.15555                 1.13895                 1.12140                 1.10914                 1.10422                 1.11074                 1.13495                 1.14185                 1.10949         1.06948                 1.41399                 1.39271                 1.12340                 1.24858                 1.36549                 1.16801         1.08813                 1.13133                 1.12563                 1.07635                 1.07920         
2016    1.01133     1.03455                 1.03940                 1.04098                 1.03623                 1.02652                 1.01343                 0.99424                 0.97558                 0.96295                 0.96107                 0.99797                 1.01601                 0.99127         0.75336                 1.10627                 1.21030                 0.75125                 0.79128                 0.91966                 0.88965         0.99534                 1.10876                 1.10631                 1.03768                 1.03267         
2017    0.98616     1.01958                 1.02189                 1.02092                 1.01280                 1.00098                 0.98596                 0.97380                 0.96366                 0.95949                 0.96598                 1.00051                 0.98797                 0.99343         0.83017                 1.22916                 1.09593                 0.83409                 0.88811                 1.07105                 1.03984         0.99229                 1.05646                 1.05537                 1.06329                 1.07250         
2018    1.05371     1.10807                 1.09740                 1.08128                 1.07706                 1.06954                 1.05727                 1.04248                 1.02868                 1.01673                 1.00892                 1.04868                 1.05585                 1.04776         0.90198                 1.10837                 1.12596                 0.96398                 1.03759                 1.20379                 1.10778         0.97093                 1.08706                 1.08941                 1.05535                 1.07363         
