year    psi^min     psi^min(800 hPa)        psi^min(775 hPa)        psi^min(750 hPa)        psi^min(700 hPa)        psi^min(650 hPa)        psi^min(600 hPa)        psi^min(550 hPa)        psi^min(500 hPa)        psi^min(450 hPa)        psi^min(400 hPa)        <psi^min>_p             psi(phi^min, p^min)     psi_SHC         Phi^max(150 hPa)        Phi^max(200 hPa)        Phi^max(250 hPa)        omega^min(400 hPa)      omega^min(500 hPa)      omega^min(600 hPa)      omega^min       v_E^SHC(1000-850 hPa)   I_M (all m)             I_M^MRG (all m)         I_M (m >= 7)            I_M (m >= 9)    
1979    1.01105     0.98402                 0.99419                 1.00307                 1.01534                 1.01943                 1.01857                 1.01999                 1.02842                 1.04490                 1.06143                 1.02722                 1.00772                 1.04486         1.14079                 0.97292                 0.92117                 1.07438                 1.01545                 0.95800                 0.96176         1.00514                 1.00105                 0.99747                 0.98943                 0.98836         
1980    1.06335     1.04881                 1.05469                 1.05975                 1.06786                 1.07186                 1.07088                 1.06730                 1.06414                 1.05769                 1.03969                 1.04694                 1.07285                 1.07454         1.23017                 0.79590                 0.74752                 1.15496                 1.06731                 0.97771                 0.98202         1.02948                 0.92053                 0.92584                 0.96931                 0.95717         
1981    1.05901     1.04387                 1.04907                 1.05396                 1.06351                 1.07192                 1.07699                 1.07869                 1.07886                 1.08035                 1.07736                 1.06655                 1.06848                 1.03941         1.23575                 0.86822                 0.80958                 1.11421                 1.01828                 0.92878                 1.01586         1.01744                 0.89744                 0.89928                 0.95228                 0.94126         
1982    1.05755     1.04171                 1.04832                 1.05396                 1.06204                 1.06797                 1.07223                 1.07770                 1.08963                 1.10369                 1.11137                 1.08392                 1.06561                 1.07968         1.38882                 0.93573                 0.76675                 1.13887                 1.07601                 1.03264                 1.06055         1.01981                 0.98438                 0.98293                 0.98987                 0.97726         
1983    1.02164     1.01410                 1.01332                 1.01546                 1.02598                 1.04012                 1.05370                 1.06703                 1.08076                 1.09196                 1.09475                 1.05925                 1.01678                 1.00434         1.17004                 0.85882                 0.76961                 0.81967                 0.86616                 0.79827                 0.68946         0.84272                 1.01501                 1.01188                 1.00653                 0.99862         
1984    0.90686     0.90303                 0.90343                 0.90543                 0.91071                 0.91579                 0.92072                 0.92961                 0.94418                 0.95905                 0.96701                 0.93632                 0.89183                 0.88724         1.22571                 0.77951                 0.65035                 1.01991                 0.93403                 0.82512                 0.86340         0.86648                 0.91423                 0.91781                 0.92859                 0.92439         
1985    0.92013     0.91410                 0.91744                 0.92026                 0.92403                 0.92481                 0.92465                 0.92799                 0.93882                 0.95197                 0.95760                 0.93419                 0.92550                 0.90998         1.11683                 0.90767                 0.68401                 0.98574                 0.92886                 0.84587                 0.90243         0.92619                 1.00269                 1.00230                 0.96244                 0.95655         
1986    0.97402     0.97120                 0.97492                 0.97738                 0.97815                 0.97713                 0.97629                 0.98090                 0.99410                 1.01312                 1.02593                 0.99575                 0.98272                 0.99348         1.23649                 0.88098                 0.84954                 1.12049                 1.06607                 0.96160                 0.96437         0.96455                 0.92808                 0.92979                 0.94088                 0.93200         
1987    1.09882     1.07384                 1.08352                 1.09200                 1.10348                 1.10739                 1.10746                 1.10677                 1.10775                 1.10855                 1.10103                 1.08856                 1.10610                 1.06708         1.15850                 0.94549                 0.87555                 1.18281                 1.16903                 1.06219                 1.02319         0.97018                 0.98167                 0.98031                 0.97950                 0.97274         
1988    1.05873     1.03423                 1.03816                 1.04583                 1.06322                 1.07735                 1.08514                 1.09148                 1.09832                 1.10320                 1.09848                 1.06768                 1.05974                 1.04265         1.20034                 0.85504                 0.77780                 0.93007                 0.88766                 0.80029                 0.93968         0.98359                 0.97513                 0.97868                 1.02303                 1.02026         
1989    0.94424     0.93691                 0.93818                 0.94080                 0.94825                 0.95519                 0.95857                 0.96064                 0.96356                 0.96818                 0.96612                 0.95635                 0.94965                 0.95697         1.20189                 0.75622                 0.62624                 1.00318                 0.97296                 0.89179                 0.94820         0.93766                 1.06154                 1.05306                 1.03676                 1.05383         
1990    1.10517     1.07520                 1.08486                 1.09414                 1.10986                 1.12235                 1.12750                 1.12613                 1.12226                 1.11753                 1.10512                 1.09493                 1.11505                 1.08054         1.18581                 0.89511                 0.91308                 1.07691                 1.05798                 0.99709                 1.00089         1.03750                 1.00596                 1.00449                 1.04644                 1.04832         
1991    1.04977     1.02849                 1.03441                 1.04159                 1.05423                 1.06202                 1.06392                 1.06307                 1.06260                 1.06397                 1.05524                 1.04950                 1.05879                 1.05144         1.27824                 0.91541                 0.81363                 1.19007                 1.21708                 1.12230                 1.08188         0.97145                 0.93163                 0.93605                 0.95090                 0.94281         
1992    1.06955     1.05228                 1.05623                 1.06164                 1.07409                 1.08353                 1.08571                 1.08277                 1.07669                 1.06843                 1.05628                 1.06144                 1.07357                 0.97775         1.10219                 0.87791                 0.76187                 0.82839                 0.81191                 0.78562                 0.82272         0.91799                 0.92170                 0.92169                 0.94735                 0.95528         
1993    1.07803     1.04679                 1.05511                 1.06570                 1.08261                 1.09211                 1.09364                 1.08925                 1.08332                 1.08049                 1.07845                 1.06840                 1.08766                 1.04592         1.05961                 0.95538                 0.95878                 1.05544                 1.07537                 1.03413                 0.99009         0.96848                 1.06999                 1.06144                 1.00614                 1.01625         
1994    1.07399     1.04187                 1.05145                 1.06168                 1.07855                 1.09185                 1.09845                 1.09883                 1.09470                 1.08946                 1.08305                 1.07422                 1.08359                 1.05372         1.10598                 1.03820                 0.93109                 1.08147                 1.02303                 0.97009                 1.00398         1.01452                 0.97994                 0.97845                 1.02023                 1.03450         
1995    0.95536     0.95064                 0.94862                 0.94921                 0.95941                 0.97188                 0.98301                 0.99195                 0.99766                 1.00417                 1.00832                 0.98331                 0.95682                 0.94878         0.99017                 0.87882                 0.90128                 1.00175                 0.92084                 0.85866                 0.93823         0.92925                 0.92702                 0.92394                 0.95534                 0.95072         
1996    0.89013     0.90991                 0.90099                 0.89594                 0.88943                 0.88576                 0.88410                 0.88541                 0.88968                 0.90045                 0.92077                 0.91406                 0.89041                 0.92280         0.98821                 0.92056                 0.94694                 0.99882                 0.95706                 0.90785                 0.98679         0.96528                 0.90743                 0.90715                 0.91151                 0.90899         
1997    0.99112     1.00563                 1.00258                 0.99759                 0.98246                 0.96444                 0.94673                 0.93403                 0.92715                 0.92624                 0.92997                 0.96898                 0.97570                 0.99740         1.06154                 1.09967                 0.90433                 1.08737                 1.06529                 1.02335                 0.97810         0.98352                 0.97097                 0.97052                 0.94890                 0.93696         
1998    0.99103     1.02787                 1.01085                 0.99641                 0.97229                 0.95688                 0.95112                 0.95209                 0.95302                 0.94588                 0.93238                 0.97195                 0.95221                 0.92371         0.75510                 0.73273                 0.70053                 0.73547                 0.80837                 0.69312                 0.69860         0.90884                 1.11136                 1.10142                 1.06983                 1.07201         
1999    0.96296     0.95069                 0.95723                 0.96192                 0.96705                 0.96770                 0.96817                 0.96936                 0.96729                 0.96277                 0.95697                 0.94728                 0.97157                 0.95583         0.98053                 0.77394                 0.88200                 0.93856                 0.92920                 0.89558                 0.89663         1.01716                 1.07535                 1.07001                 1.02456                 1.02424         
2000    0.88297     0.87970                 0.88056                 0.88214                 0.88672                 0.89046                 0.89819                 0.91025                 0.92021                 0.92614                 0.92476                 0.89244                 0.88625                 0.90603         0.92195                 0.65703                 0.85336                 0.99079                 0.99183                 0.94821                 1.02209         0.97691                 0.96321                 0.96192                 0.97263                 0.97762         
2001    0.94248     0.94287                 0.94368                 0.94486                 0.94648                 0.94620                 0.94487                 0.94308                 0.94071                 0.93948                 0.94010                 0.93203                 0.94783                 0.92097         0.84018                 0.66759                 0.89781                 0.96189                 0.95393                 0.96322                 0.99194         1.02334                 0.99983                 0.99970                 0.98561                 0.99583         
2002    1.00484     0.97929                 0.98732                 0.99418                 1.00911                 1.02491                 1.03903                 1.04655                 1.04853                 1.04190                 1.02796                 1.00734                 1.01382                 1.02823         0.84675                 1.06337                 1.04928                 1.02548                 1.04200                 1.04865                 0.99214         1.01402                 0.92150                 0.92856                 0.97483                 0.96804         
2003    0.96676     0.97207                 0.97339                 0.97306                 0.97033                 0.96782                 0.96866                 0.97274                 0.97605                 0.97534                 0.96820                 0.96009                 0.97486                 0.97149         0.80738                 1.02858                 1.03846                 0.96853                 0.94340                 1.00279                 0.96229         1.03446                 0.97821                 0.97471                 0.96765                 0.97083         
2004    0.94299     0.96663                 0.95834                 0.94914                 0.93339                 0.92597                 0.92833                 0.93554                 0.93931                 0.94063                 0.94279                 0.94156                 0.93775                 0.92281         0.73327                 1.17475                 1.11116                 0.91463                 0.92591                 0.98521                 1.02450         1.03334                 1.02526                 1.02929                 0.99670                 0.99232         
2005    0.97937     0.99473                 0.99137                 0.98575                 0.97005                 0.95658                 0.94906                 0.94713                 0.94320                 0.93776                 0.93973                 0.95690                 0.97326                 0.94949         0.66495                 1.18559                 1.26984                 0.88265                 0.92402                 1.02586                 1.13459         1.04587                 0.97097                 0.97945                 0.92785                 0.93227         
2006    0.99666     1.01342                 1.00922                 1.00316                 0.98994                 0.97751                 0.97211                 0.96768                 0.96363                 0.95091                 0.93827                 0.97160                 0.99456                 1.00761         0.77359                 1.12444                 1.16965                 0.99448                 1.04981                 1.12669                 1.16059         1.08463                 1.07008                 1.06858                 1.04734                 1.04373         
2007    0.93852     0.95313                 0.94807                 0.94464                 0.94163                 0.94329                 0.94458                 0.94140                 0.93288                 0.91912                 0.91724                 0.93866                 0.94383                 0.97872         0.77765                 1.07397                 1.24506                 0.87179                 0.88493                 0.91959                 0.98540         0.99947                 0.98112                 0.98441                 1.04626                 1.05571         
2008    0.96192     0.97147                 0.96782                 0.96678                 0.96600                 0.96657                 0.96519                 0.95981                 0.94646                 0.93379                 0.93699                 0.95568                 0.97051                 0.99402         0.79767                 1.19146                 1.43971                 0.99223                 1.03703                 1.09511                 1.09939         1.01398                 1.07162                 1.07180                 1.03614                 1.03962         
2009    0.95688     0.96632                 0.96546                 0.96312                 0.95789                 0.95324                 0.95110                 0.94556                 0.93617                 0.92365                 0.91808                 0.95097                 0.96237                 0.95620         0.91856                 1.19663                 1.20610                 1.02487                 1.08636                 1.11859                 1.02729         0.96996                 0.92965                 0.93452                 0.95792                 0.95265         
2010    1.03001     1.04168                 1.03878                 1.03655                 1.03438                 1.03520                 1.03616                 1.03493                 1.02959                 1.01866                 1.01366                 1.03605                 1.03306                 1.05538         0.85479                 1.25381                 1.25801                 0.94464                 0.98305                 1.06569                 1.10324         1.09341                 1.05187                 1.05103                 1.05157                 1.05622         
2011    1.01612     1.02870                 1.02714                 1.02274                 1.01015                 0.99364                 0.97334                 0.95424                 0.93791                 0.93019                 0.94057                 0.98338                 1.00585                 1.07143         0.97296                 1.31851                 1.40273                 1.09177                 1.14383                 1.25873                 1.22854         1.10642                 1.03437                 1.03684                 1.06723                 1.07083         
2012    0.97265     0.97856                 0.97648                 0.97488                 0.97678                 0.98243                 0.98802                 0.98982                 0.98631                 0.98346                 0.98679                 0.98633                 0.97459                 1.00051         0.91785                 1.15455                 1.41985                 1.06785                 1.08322                 1.13986                 1.03467         1.00373                 0.97824                 0.98144                 1.03073                 1.03235         
2013    0.95905     0.98444                 0.97557                 0.96531                 0.95231                 0.94815                 0.95077                 0.95769                 0.96223                 0.96537                 0.97342                 0.97176                 0.94851                 1.00425         0.89848                 1.13573                 1.22190                 0.92734                 0.93058                 1.03590                 1.01908         1.01575                 1.02306                 1.02585                 1.02011                 1.01276         
2014    1.04386     1.06191                 1.05681                 1.05067                 1.03545                 1.02154                 1.01510                 1.01131                 1.01097                 1.01088                 1.01439                 1.02907                 1.03551                 1.06110         0.90624                 1.27196                 1.40052                 1.12980                 1.18658                 1.33584                 1.26012         1.10525                 1.03431                 1.04069                 1.02496                 1.02868         
2015    1.08431     1.09264                 1.09309                 1.09138                 1.08328                 1.06976                 1.05410                 1.03887                 1.02923                 1.02928                 1.04251                 1.07180                 1.06768                 1.09847         1.06948                 1.41399                 1.39271                 1.12340                 1.24858                 1.36549                 1.16801         1.08189                 1.13133                 1.12563                 1.07635                 1.07920         
2016    0.96530     0.99378                 0.98265                 0.97159                 0.95430                 0.94602                 0.94416                 0.94560                 0.95300                 0.96510                 0.98396                 0.98679                 0.95857                 0.95995         0.75336                 1.10627                 1.21030                 0.75125                 0.79128                 0.91966                 0.88965         0.98037                 1.10876                 1.10631                 1.03768                 1.03267         
2017    1.07932     1.11185                 1.10004                 1.08636                 1.06319                 1.04798                 1.04087                 1.03452                 1.02560                 1.01679                 1.01414                 1.05450                 1.06816                 1.03487         0.83017                 1.22916                 1.09593                 0.83409                 0.88811                 1.07105                 1.03984         1.06669                 1.05646                 1.05537                 1.06329                 1.07250         
2018    0.99348     1.01160                 1.00665                 0.99996                 0.98606                 0.97524                 0.96877                 0.96228                 0.95509                 0.94950                 0.94913                 0.97622                 0.99066                 1.02037         0.90198                 1.10837                 1.12596                 0.96398                 1.03759                 1.20379                 1.10778         1.07331                 1.08706                 1.08941                 1.05535                 1.07363         
